espresso_elapsed {0.0 0.006 0.225 0.405 0.63 0.855 1.037 1.26 1.485 1.665 1.89 2.07 2.295 2.52 2.699 2.925 3.15 3.33 3.555 3.78 3.959 4.185 4.365 4.591 4.815 4.995 5.22 5.445 5.625 5.85 6.03 6.254 6.479 6.66 6.885 7.11 7.29 7.515 7.695 7.92 8.145 8.325 8.55 8.774 8.955 9.18 9.36 9.585 9.81 9.994 10.215 10.44 10.62 10.845 11.072 11.25 11.474 11.655 11.88 12.105 12.284 12.509 12.734 12.915 13.14 13.32 13.545 13.77 13.95 14.175 14.4 14.58 14.805 14.985 15.21 15.434 15.615 15.839 16.066 16.245 16.47 16.651 16.875 17.1 17.28 17.505 17.73 17.91 18.134 18.36 18.54 18.765 18.945 19.169 19.395 19.574 19.8 20.025 20.207 20.429 20.61 20.834 21.06 21.239 21.464 21.689 21.87 22.094 22.275 22.499 22.723 22.904 23.129 23.355 23.534 23.76 23.985 24.165 24.39 24.569 24.795 25.019 25.2 25.425 25.65 25.83 26.054 26.234 26.459 26.684 26.865 27.09 27.314 27.495 27.72 27.899 28.125 28.35 28.529}
espresso_pressure {0.0 0.28 0.35 0.39 0.4 0.37 0.48 0.56 0.64 0.54 0.59 0.56 0.47 0.54 0.46 0.42 0.41 0.47 0.4 0.36 0.36 0.37 0.29 0.34 0.37 0.39 0.5 0.46 0.37 0.43 0.43 0.47 0.55 0.54 0.63 0.67 0.71 0.79 0.86 0.92 0.98 1.05 1.21 1.25 1.41 1.62 1.8 2.0 2.3 2.52 2.79 3.16 3.65 4.28 4.89 5.46 6.02 6.41 6.79 6.98 7.16 7.37 7.57 7.61 7.74 7.72 7.56 7.52 7.59 7.65 7.75 7.72 7.77 7.87 7.87 7.83 7.84 7.9 7.92 7.93 7.98 7.97 7.95 8.02 7.95 8.0 8.04 8.01 8.01 8.04 7.94 7.97 7.96 7.92 7.89 7.9 7.95 7.91 7.86 7.9 7.86 7.87 7.84 7.77 7.85 7.8 7.76 7.76 7.79 7.76 7.76 7.72 7.74 7.71 7.69 7.7 7.72 7.65 7.67 7.61 7.6 7.63 7.62 7.59 7.58 7.57 7.59 7.56 7.52 7.48 7.49 7.52 7.51 7.44 7.47 7.48 7.43 7.44 7.44}
espresso_weight {0.0 0.0 0.0 0.0 0.0 0.0 0.0 0.0 0.0 0.0 0.0 0.0 0.0 0.0 0.0 0.0 0.0 0.0 0.0 0.0 0.0 0.0 0.0 0.0 0.0 0.0 0.0 0.0 0.0 0.0 0.0 0.0 0.0 0.0 0.0 0.0 0.0 0.0 0.0 0.0 0.0 0.0 0.0 0.0 0.0 0.0 0.0 0.0 0.0 0.0 0.0 0.0 0.0 0.0 0.0 0.0 0.0 0.0 0.0 0.0 0.0 0.0 0.0 0.0 0.0 0.0 0.0 0.0 0.0 0.0 0.0 0.0 0.0 0.0 0.0 0.0 0.0 0.0 0.0 0.0 0.0 0.0 0.0 0.0 0.0 0.0 0.0 0.0 0.0 0.0 0.0 0.0 0.0 0.0 0.0 0.0 0.0 0.0 0.0 0.0 0.0 0.0 0.0 0.0 0.0 0.0 0.0 0.0 0.0 0.0 0.0 0.0 0.0 0.0 0.0 0.0 0.0 0.0 0.0 0.0 0.0 0.0 0.0 0.0 0.0 0.0 0.0 0.0 0.0 0.0 0.0 0.0 0.0 0.0 0.0 0.0 0.0 0.0 0.0}
espresso_flow {0.0 3.85 3.77 3.68 3.69 3.56 3.55 3.53 3.51 3.55 3.56 3.55 3.55 3.54 3.56 3.57 3.56 3.54 3.55 3.47 3.44 3.44 3.44 3.46 3.51 3.52 3.57 3.5 3.51 3.51 3.5 3.56 3.51 3.54 3.52 3.48 3.48 3.51 3.5 3.5 3.51 3.49 3.5 3.49 3.47 3.48 3.44 3.44 3.4 3.46 3.48 3.47 3.49 3.5 3.45 3.38 3.18 3.0 2.81 2.66 2.55 2.46 2.34 2.3 2.23 2.13 2.09 2.07 2.05 2.03 2.01 2.03 2.06 2.03 2.02 2.01 2.01 2.02 2.01 2.0 2.01 2.03 2.02 2.0 2.06 2.07 2.05 2.01 2.01 1.97 1.99 1.99 2.0 1.99 1.97 1.99 1.98 1.96 1.98 1.96 1.99 1.97 1.95 1.98 1.98 1.96 1.94 1.93 1.93 1.94 1.92 1.95 1.95 1.94 1.94 1.92 1.89 1.9 1.89 1.9 1.9 1.9 1.89 1.9 1.9 1.89 1.89 1.86 1.87 1.87 1.89 1.9 1.87 1.88 1.88 1.85 1.87 1.86 1.88}
espresso_flow_weight {0.0 0.0 0.0 0.0 0.0 0.0 0.0 0.0 0.0 0.0 0.0 0.0 0.0 0.0 0.0 0.0 0.0 0.0 0.0 0.0 0.0 0.0 0.0 0.0 0.0 0.0 0.0 0.0 0.0 0.0 0.0 0.0 0.0 0.0 0.0 0.0 0.0 0.0 0.0 0.0 0.0 0.0 0.0 0.0 0.0 0.0 0.0 0.0 0.0 0.0 0.0 0.0 0.0 0.0 0.0 0.0 0.0 0.0 0.0 0.0 0.0 0.0 0.0 0.0 0.0 0.0 0.0 0.0 0.0 0.0 0.0 0.0 0.0 0.0 0.0 0.0 0.0 0.0 0.0 0.0 0.0 0.0 0.0 0.0 0.0 0.0 0.0 0.0 0.0 0.0 0.0 0.0 0.0 0.0 0.0 0.0 0.0 0.0 0.0 0.0 0.0 0.0 0.0 0.0 0.0 0.0 0.0 0.0 0.0 0.0 0.0 0.0 0.0 0.0 0.0 0.0 0.0 0.0 0.0 0.0 0.0 0.0 0.0 0.0 0.0 0.0 0.0 0.0 0.0 0.0 0.0 0.0 0.0 0.0 0.0 0.0 0.0 0.0 0.0}
espresso_flow_weight_raw {0.0 0.0 0.0 0.0 0.0 0.0 0.0 0.0 0.0 0.0 0.0 0.0 0.0 0.0 0.0 0.0 0.0 0.0 0.0 0.0 0.0 0.0 0.0 0.0 0.0 0.0 0.0 0.0 0.0 0.0 0.0 0.0 0.0 0.0 0.0 0.0 0.0 0.0 0.0 0.0 0.0 0.0 0.0 0.0 0.0 0.0 0.0 0.0 0.0 0.0 0.0 0.0 0.0 0.0 0.0 0.0 0.0 0.0 0.0 0.0 0.0 0.0 0.0 0.0 0.0 0.0 0.0 0.0 0.0 0.0 0.0 0.0 0.0 0.0 0.0 0.0 0.0 0.0 0.0 0.0 0.0 0.0 0.0 0.0 0.0 0.0 0.0 0.0 0.0 0.0 0.0 0.0 0.0 0.0 0.0 0.0 0.0 0.0 0.0 0.0 0.0 0.0 0.0 0.0 0.0 0.0 0.0 0.0 0.0 0.0 0.0 0.0 0.0 0.0 0.0 0.0 0.0 0.0 0.0 0.0 0.0 0.0 0.0 0.0 0.0 0.0 0.0 0.0 0.0 0.0 0.0 0.0 0.0 0.0 0.0 0.0 0.0 0.0 0.0}
espresso_temperature_basket {90.0 85.84 86.07 86.09 86.13 86.17 86.1 86.01 86.1 86.08 86.11 86.18 86.24 86.19 86.21 86.21 86.29 86.28 86.33 86.34 86.43 86.47 86.5 86.59 86.78 87.07 87.53 87.92 88.16 88.49 88.81 89.11 89.4 89.67 89.98 90.01 90.24 90.4 90.52 90.61 90.69 90.74 90.79 90.86 90.8 90.75 90.8 90.74 90.73 90.79 90.68 90.66 90.61 90.67 90.61 90.58 90.5 90.52 90.53 90.5 90.55 90.47 90.44 90.47 90.42 90.43 90.33 90.24 90.37 90.29 90.3 90.3 90.25 90.2 90.17 90.18 90.19 90.22 90.12 90.06 90.12 90.1 90.15 90.08 90.09 90.13 90.07 90.07 90.04 90.03 90.09 90.09 90.07 90.14 90.13 90.13 90.1 90.16 90.16 90.06 90.13 90.19 90.12 90.17 90.23 90.2 90.24 90.22 90.19 90.2 90.24 90.26 90.25 90.23 90.21 90.18 90.25 90.3 90.3 90.26 90.3 90.32 90.36 90.32 90.32 90.31 90.3 90.33 90.37 90.34 90.28 90.39 90.38 90.29 90.33 90.31 90.35 90.32 90.24}
espresso_temperature_mix {90.0 89.55 88.56 86.22 85.61 86.09 86.77 87.52 88.27 89.05 89.71 90.2 90.7 91.07 91.36 91.6 91.8 91.93 91.96 91.96 92.1 92.06 92.2 92.2 92.43 92.36 92.46 92.53 92.56 92.46 92.46 92.36 92.36 92.23 91.89 91.66 91.46 91.27 91.03 90.83 90.73 90.67 90.44 90.34 90.17 90.07 90.07 90.01 89.84 89.97 89.88 89.81 89.84 89.81 89.71 89.61 89.64 89.48 89.51 89.35 89.32 89.32 89.35 89.35 89.25 89.25 89.35 89.18 89.28 89.12 89.22 89.28 89.25 89.35 89.35 89.38 89.48 89.51 89.51 89.71 89.68 89.74 89.81 89.74 89.91 89.84 89.88 89.88 90.01 89.91 90.04 90.11 90.11 90.2 90.17 90.11 90.2 90.17 90.14 90.2 90.2 90.14 90.27 90.24 90.3 90.4 90.4 90.34 90.34 90.37 90.27 90.34 90.4 90.37 90.4 90.4 90.4 90.37 90.37 90.44 90.37 90.4 90.44 90.47 90.3 90.34 90.24 90.14 90.17 90.17 90.14 90.11 90.11 90.11 90.14 90.2 90.14 90.14 90.14}
espresso_water_dispensed {0.0 0.08028666178385419 0.15877787272135419 0.235443115234375 0.31238301595052087 0.38651529947916674 0.460540771484375 0.5341746012369792 0.607274373372396 0.6812540690104167 0.7553253173828125 0.8292694091796875 0.9031829833984375 0.976964314778646 1.051091512044271 1.1255594889322917 1.1996663411458335 1.273473103841146 1.3474629720052085 1.4198201497395835 1.491465250651042 1.5630696614583335 1.6347503662109375 1.706888834635417 1.779937744140625 1.8533223470052083 1.9276479085286458 2.0005391438802085 2.0736796061197915 2.1468811035156246 2.2198893229166665 2.293991088867187 2.3670654296874996 2.4407704671223955 2.5141143798828125 2.586659749348958 2.659200032552083 2.7323252360026036 2.8052622477213536 2.878189086914062 2.9512278238932286 3.024037679036458 3.0970408121744786 3.1696828206380205 3.2419128417968746 3.314310709635416 3.385915120442707 3.457509358723957 3.528310139973957 3.600479125976561 3.6730702718098946 3.745412190755207 3.8181101481119786 3.8909657796223946 3.962819417317707 4.033233642578124 4.099395751953124 4.161844889322916 4.220423380533854 4.275802612304687 4.328837076822916 4.380162556966145 4.428924560546874 4.476765950520832 4.52313741048177 4.567535400390624 4.611033121744791 4.654149373372395 4.696909586588541 4.739273071289062 4.781077067057291 4.823282877604166 4.866200764973957 4.908554077148437 4.950642903645832 4.992467244466145 5.034352620442707 5.076436360677082 5.11841328938802 5.160166422526041 5.202107747395832 5.244333902994791 5.286473592122395 5.328180948893229 5.371053059895832 5.414210001627604 5.456888834635416 5.498855590820312 5.540807088216145 5.581909179687499 5.623392740885416 5.664774576822916 5.706380208333332 5.747914632161457 5.788950602213541 5.830403645833332 5.871688842773437 5.912597656249999 5.953760782877604 5.994557698567708 6.036020914713541 6.0770009358723955 6.117635091145833 6.158894856770833 6.2000478108723955 6.240793863932291 6.281178792317708 6.321431477864583 6.361551920572916 6.4020436604817705 6.442133585611979 6.482716878255208 6.523274739583333 6.563685099283854 6.604110717773437 6.64410909016927 6.683553059895832 6.723052978515624 6.7624359130859375 6.801920572916666 6.841527303059895 6.881017049153645 6.920450846354166 6.9599456787109375 6.9995168050130205 7.038930257161458 7.078303019205729 7.1171010335286455 7.155985514322916 7.195027669270833 7.234476725260416 7.274058024088541 7.313028971354166 7.352137247721354 7.3912200927734375 7.42979939778646 7.468658447265625 7.5074005126953125 7.546666463216147}
espresso_pressure_delta {0.0 0.007893880208333334 0.0003179253472222222 8.740837191358024e-5 2.3639012896825398e-5 3.226653874269006e-5 0.00010217650072324011 6.529792906746032e-5 5.1787405303030304e-5 6.143839151651652e-5 2.5576636904761905e-5 1.261982940821256e-5 3.872208605664488e-5 2.673921130952381e-5 2.9669553538347537e-5 1.2436565170940171e-5 3.875248015873016e-6 1.7742351726726727e-5 1.8130274261603375e-5 1.1884093915343916e-5 1.1100104192978026e-6 1.7501120071684588e-6 1.924040664375716e-5 1.0901509066652145e-5 7.5042185877466255e-6 3.6168981481481483e-6 2.0111200909961686e-5 6.142748507805326e-6 1.5538194444444445e-5 1.009949252136752e-5 6.478026533996683e-7 6.948677846178446e-6 1.1229187567525853e-5 4.032352665165165e-7 1.2730063090050835e-5 4.910282612517581e-6 5.659775805898491e-6 1.1175565535595476e-5 8.566337719298245e-6 8.076369160353535e-6 7.193830570902394e-6 8.504598348348348e-6 1.8446180555555556e-5 5.314663708114885e-6 1.769372033780011e-5 2.268539794389978e-5 1.864963107638889e-5 2.1675917775169537e-5 3.02624872579001e-5 2.2254563675705423e-5 2.59795261257954e-5 3.533491229645594e-5 4.678212541195857e-5 5.814801607883817e-5 5.428777264721821e-5 5.121527777777778e-5 4.8704714190779155e-5 3.318050193050193e-5 3.255208333333333e-5 1.5086095621643949e-5 1.5164384310892218e-5 1.658961797505796e-5 1.5874700604680384e-5 3.0434874661246615e-6 9.754477026255707e-6 1.832887575075075e-6 1.1697841685123662e-5 3.0140817901234566e-6 5.477850582437276e-6 4.323054453262787e-6 6.679958767361111e-6 2.0596225565843623e-6 3.3145738348530902e-6 6.826487946279613e-6 1.7656455456936225e-7 2.6258483704807567e-6 2.9706512167787383e-7 3.59143668318707e-6 1.8387287205900659e-6 6.312038319482918e-7 2.53479337431694e-6 5.57164359497928e-7 1.1429398148148149e-6 3.96906980994152e-6 3.772311740451389e-6 2.914903777492145e-6 2.1894167724196278e-6 1.9356766471245113e-6 2.692628487923238e-7 1.702069716775599e-6 5.596535362729234e-6 1.6393135491606714e-6 6.572273357086303e-7 2.037795398821013e-6 1.523125322248002e-6 7.982527843057116e-7 2.256451231060606e-6 1.7312343945068665e-6 2.7909380103429504e-6 1.936011613392726e-6 1.8953178068898592e-6 4.335798754439858e-7 1.4954482727920227e-6 3.2415676938650595e-6 3.878678397549385e-6 2.4426444568675367e-6 1.5070408950617283e-6 2.210017425545397e-8 1.3919577721661056e-6 1.7036347448775502e-6 3.0083780750781147e-7 1.7268067258994061e-6 5.172247232911064e-7 1.1916947655748234e-6 6.535590794170137e-7 1.3357862478956229e-7 1.1502143266624974e-6 3.06122943823712e-6 1.0009865723657237e-6 2.6929101459155845e-6 1.3784911272433958e-7 9.563044586114552e-7 4.650297619047619e-7 9.506360619469027e-7 6.186799463937622e-7 2.268437862950058e-7 9.651678964842251e-7 1.4983090883967372e-6 1.3010252891265733e-6 1.3723989563034028e-6 9.087683789316955e-8 1.2436842469545958e-6 4.290382221571355e-7 2.5572831423895256e-6 1.0216562950937952e-6 4.900489264848203e-7 1.701388888888889e-6 2.6696152998236334e-7 5.990340968838725e-8}
espresso_flow_delta_negative 0.0
espresso_flow_delta_negative_2x 0.0
espresso_resistance {0.0 0.02 0.02 0.03 0.03 0.03 0.04 0.05 0.05 0.04 0.05 0.04 0.04 0.04 0.04 0.03 0.03 0.04 0.03 0.03 0.03 0.03 0.02 0.03 0.03 0.03 0.04 0.04 0.03 0.04 0.04 0.04 0.04 0.04 0.05 0.05 0.06 0.06 0.07 0.08 0.08 0.09 0.1 0.1 0.12 0.13 0.15 0.17 0.2 0.21 0.23 0.26 0.3 0.35 0.41 0.48 0.6 0.71 0.86 0.99 1.11 1.21 1.38 1.44 1.56 1.7 1.73 1.75 1.8 1.85 1.92 1.88 1.83 1.9 1.93 1.94 1.94 1.93 1.95 1.98 1.97 1.94 1.94 2.0 1.88 1.86 1.92 1.97 1.98 2.07 2.0 2.02 1.99 1.99 2.03 2.0 2.02 2.05 2.01 2.06 1.98 2.03 2.06 1.98 2.01 2.04 2.07 2.08 2.1 2.05 2.1 2.04 2.04 2.05 2.04 2.09 2.15 2.13 2.15 2.12 2.1 2.12 2.13 2.11 2.1 2.12 2.13 2.18 2.16 2.13 2.09 2.08 2.15 2.11 2.12 2.18 2.14 2.15 2.09}
espresso_resistance_weight {0.0 0.0 0.0 0.0 0.0 0.0 0.0 0.0 0.0 0.0 0.0 0.0 0.0 0.0 0.0 0.0 0.0 0.0 0.0 0.0 0.0 0.0 0.0 0.0 0.0 0.0 0.0 0.0 0.0 0.0 0.0 0.0 0.0 0.0 0.0 0.0 0.0 0.0 0.0 0.0 0.0 0.0 0.0 0.0 0.0 0.0 0.0 0.0 0.0 0.0 0.0 0.0 0.0 0.0 0.0 0.0 0.0 0.0 0.0 0.0 0.0 0.0 0.0 0.0 0.0 0.0 0.0 0.0 0.0 0.0 0.0 0.0 0.0 0.0 0.0 0.0 0.0 0.0 0.0 0.0 0.0 0.0 0.0 0.0 0.0 0.0 0.0 0.0 0.0 0.0 0.0 0.0 0.0 0.0 0.0 0.0 0.0 0.0 0.0 0.0 0.0 0.0 0.0 0.0 0.0 0.0 0.0 0.0 0.0 0.0 0.0 0.0 0.0 0.0 0.0 0.0 0.0 0.0 0.0 0.0 0.0 0.0 0.0 0.0 0.0 0.0 0.0 0.0 0.0 0.0 0.0 0.0 0.0 0.0 0.0 0.0 0.0 0.0 0.0}
espresso_state_change {0.0 10000000.0 10000000.0 10000000.0 10000000.0 10000000.0 10000000.0 10000000.0 10000000.0 10000000.0 10000000.0 10000000.0 10000000.0 10000000.0 10000000.0 10000000.0 10000000.0 10000000.0 10000000.0 10000000.0 10000000.0 10000000.0 10000000.0 10000000.0 10000000.0 10000000.0 10000000.0 10000000.0 10000000.0 10000000.0 10000000.0 10000000.0 10000000.0 10000000.0 10000000.0 10000000.0 10000000.0 10000000.0 10000000.0 10000000.0 10000000.0 10000000.0 10000000.0 10000000.0 10000000.0 10000000.0 10000000.0 10000000.0 10000000.0 -10000000.0 -10000000.0 -10000000.0 -10000000.0 -10000000.0 -10000000.0 -10000000.0 -10000000.0 -10000000.0 -10000000.0 -10000000.0 -10000000.0 -10000000.0 -10000000.0 10000000.0 10000000.0 10000000.0 10000000.0 10000000.0 10000000.0 10000000.0 10000000.0 10000000.0 10000000.0 -10000000.0 -10000000.0 -10000000.0 -10000000.0 -10000000.0 -10000000.0 -10000000.0 -10000000.0 -10000000.0 -10000000.0 -10000000.0 -10000000.0 -10000000.0 -10000000.0 10000000.0 10000000.0 10000000.0 10000000.0 10000000.0 10000000.0 10000000.0 10000000.0 10000000.0 10000000.0 10000000.0 10000000.0 10000000.0 10000000.0 10000000.0 10000000.0 10000000.0 10000000.0 10000000.0 10000000.0 10000000.0 10000000.0 10000000.0 10000000.0 10000000.0 10000000.0 10000000.0 10000000.0 10000000.0 10000000.0 10000000.0 10000000.0 10000000.0 10000000.0 10000000.0 10000000.0 10000000.0 10000000.0 10000000.0 10000000.0 10000000.0 10000000.0 10000000.0 10000000.0 10000000.0 10000000.0 10000000.0 10000000.0 10000000.0 10000000.0 10000000.0 10000000.0}
espresso_pressure_goal {-1.0 -1.0 -1.0 -1.0 -1.0 -1.0 -1.0 -1.0 -1.0 -1.0 -1.0 -1.0 -1.0 -1.0 -1.0 -1.0 -1.0 -1.0 -1.0 -1.0 -1.0 -1.0 -1.0 -1.0 -1.0 -1.0 -1.0 -1.0 -1.0 -1.0 -1.0 -1.0 -1.0 -1.0 -1.0 -1.0 -1.0 -1.0 -1.0 -1.0 -1.0 -1.0 -1.0 -1.0 -1.0 -1.0 -1.0 -1.0 -1.0 4.0625 5.4375 6.3125 6.9375 7.3125 7.5625 7.6875 7.8125 7.875 7.9375 8.0 8.0 8.0 8.0 7.6875 7.8125 7.875 7.9375 7.9375 8.0 8.0 8.0 8.0 8.0 7.9375 7.9375 8.0 8.0 8.0 8.0 8.0 8.0 8.0 8.0 8.0 8.0 8.0 8.0 7.9375 7.9375 7.875 7.875 7.875 7.875 7.875 7.875 7.875 7.8125 7.8125 7.8125 7.8125 7.8125 7.75 7.75 7.75 7.75 7.75 7.75 7.6875 7.6875 7.6875 7.6875 7.6875 7.625 7.625 7.625 7.625 7.625 7.625 7.5625 7.5625 7.5625 7.5625 7.5625 7.5 7.5 7.5 7.5 7.5 7.5 7.4375 7.4375 7.4375 7.4375 7.4375 7.375 7.375 7.375 7.375 7.375}
espresso_flow_goal {-1.0 3.5 3.5 3.5 3.5 3.5 3.5 3.5 3.5 3.5 3.5 3.5 3.5 3.5 3.5 3.5 3.5 3.5 3.5 3.5 3.5 3.5 3.5 3.5 3.5 3.5 3.5 3.5 3.5 3.5 3.5 3.5 3.5 3.5 3.5 3.5 3.5 3.5 3.5 3.5 3.5 3.5 3.5 3.5 3.5 3.5 3.5 3.5 3.5 -1.0 -1.0 -1.0 -1.0 -1.0 -1.0 -1.0 -1.0 -1.0 -1.0 -1.0 -1.0 -1.0 -1.0 -1.0 -1.0 -1.0 -1.0 -1.0 -1.0 -1.0 -1.0 -1.0 -1.0 -1.0 -1.0 -1.0 -1.0 -1.0 -1.0 -1.0 -1.0 -1.0 -1.0 -1.0 -1.0 -1.0 -1.0 -1.0 -1.0 -1.0 -1.0 -1.0 -1.0 -1.0 -1.0 -1.0 -1.0 -1.0 -1.0 -1.0 -1.0 -1.0 -1.0 -1.0 -1.0 -1.0 -1.0 -1.0 -1.0 -1.0 -1.0 -1.0 -1.0 -1.0 -1.0 -1.0 -1.0 -1.0 -1.0 -1.0 -1.0 -1.0 -1.0 -1.0 -1.0 -1.0 -1.0 -1.0 -1.0 -1.0 -1.0 -1.0 -1.0 -1.0 -1.0 -1.0 -1.0 -1.0 -1.0}
espresso_temperature_goal {90.0 90.0 90.0 90.0 90.0 90.0 90.0 90.0 90.0 90.0 90.0 90.0 90.0 90.0 90.0 90.0 90.0 90.0 90.0 90.0 90.0 90.0 90.0 90.0 90.0 90.0 90.0 90.0 90.0 90.0 90.0 90.0 90.0 90.0 90.0 90.0 90.0 90.0 90.0 90.0 90.0 90.0 90.0 90.0 90.0 90.0 90.0 90.0 90.0 90.0 90.0 90.0 90.0 90.0 90.0 90.0 90.0 90.0 90.0 90.0 90.0 90.0 90.0 90.0 90.0 90.0 90.0 90.0 90.0 90.0 90.0 90.0 90.0 90.0 90.0 90.0 90.0 90.0 90.0 90.0 90.0 90.0 90.0 90.0 90.0 90.0 90.0 90.0 90.0 90.0 90.0 90.0 90.0 90.0 90.0 90.0 90.0 90.0 90.0 90.0 90.0 90.0 90.0 90.0 90.0} 
