espresso_elapsed {0.0 0.007 0.224 0.404 0.629 0.854 1.034 1.259 1.439 1.664 1.89 2.069 2.294 2.519 2.699 2.924 3.104 3.329 3.553 3.734 3.959 4.184 4.364 4.588 4.814 4.993 5.219 5.399 5.624 5.849 6.029 6.254 6.48 6.659 6.884 7.064 7.289 7.514 7.693 7.919 8.144 8.331 8.549 8.729 8.955 9.179 9.359 9.585 9.809 9.989 10.214 10.439 10.619 10.844 11.024 11.25 11.474 11.655 11.879 12.104 12.284 12.509 12.689 12.914 13.139 13.319 13.544 13.769 13.949 14.175 14.353 14.579 14.804 14.984 15.209 15.434 15.614 15.839 16.064 16.243 16.468 16.649 16.874 17.099 17.279 17.504 17.729 17.909 18.134 18.314 18.539 18.764 18.944 19.169 19.394 19.574 19.799 19.979 20.204 20.429 20.608 20.834 21.058 21.239 21.463 21.689 21.869 22.094 22.318 22.498 22.724 22.904 23.129 23.354 23.534 23.759 23.983 24.163 24.388 24.568 24.793 25.019 25.199 25.423 25.649 25.829 26.053 26.234 26.459 26.684 26.864 27.088 27.313 27.493 27.719 27.898 28.123 28.348 28.528 28.753 28.978 29.158 29.384 29.609 29.789 30.014 30.193 30.419 30.644 30.824 31.049 31.274 31.453 31.679 31.858 32.084 32.309 32.488 32.714 32.938 33.118 33.344 33.524 33.749 33.973 34.154 34.379 34.604 34.783 35.009 35.233 35.414 35.639 35.818 36.044 36.268 36.448 36.673 36.898 37.078 37.303 37.483 37.708 37.933 38.113}
espresso_pressure {0.0 0.43 0.39 0.41 0.45 0.38 0.34 0.35 0.35 0.36 0.31 0.34 0.38 0.4 0.4 0.44 0.45 0.48 0.53 0.56 0.6 0.64 0.7 0.73 0.76 0.83 0.94 1.0 1.09 1.2 1.33 1.43 1.55 1.73 1.85 1.99 2.17 2.4 2.6 2.85 3.18 3.65 4.21 4.69 5.09 5.52 5.98 6.37 6.74 7.07 7.3 7.49 7.62 7.73 7.84 7.87 7.97 7.91 7.95 7.98 7.98 7.97 8.03 7.99 8.11 7.95 8.07 8.0 7.93 8.04 7.88 8.0 8.03 7.9 8.07 7.93 8.04 8.03 7.91 8.14 7.98 7.92 8.0 7.86 8.01 7.81 7.94 7.85 7.89 7.79 7.84 7.81 7.79 7.83 7.76 7.73 7.75 7.77 7.72 7.69 7.74 7.71 7.68 7.62 7.65 7.68 7.62 7.63 7.62 7.6 7.59 7.58 7.59 7.55 7.51 7.55 7.51 7.49 7.54 7.5 7.47 7.46 7.45 7.49 7.45 7.42 7.45 7.38 7.41 7.39 7.38 7.41 7.33 7.35 7.33 7.31 7.32 7.3 7.31 7.26 7.29 7.25 7.23 7.26 7.19 7.22 7.25 7.21 7.15 7.2 7.15 7.14 7.14 7.16 7.12 7.08 7.12 7.07 7.07 7.05 7.06 7.04 7.04 6.99 7.01 6.99 7.01 6.95 6.96 6.98 6.92 6.93 6.93 6.95 6.88 6.89 6.87 6.87 6.85 6.84 6.85 6.8 6.85 6.8 6.77}
espresso_weight {0.0 0.0 0.0 0.0 0.0 0.0 0.0 0.0 0.0 0.0 0.0 0.0 0.0 0.0 0.0 0.0 0.0 0.0 0.0 0.0 0.0 0.0 0.0 0.0 0.0 0.0 0.0 0.0 0.0 0.0 0.0 0.0 0.0 0.0 0.0 0.0 0.0 0.0 0.0 0.0 0.0 0.0 0.0 0.0 0.0 0.0 0.0 0.0 0.0 0.0 0.0 0.0 0.0 0.0 0.0 0.0 0.0 0.0 0.0 0.0 0.0 0.0 0.0 0.0 0.0 0.0 0.0 0.0 0.0 0.0 0.0 0.0 0.0 0.0 0.0 0.0 0.0 0.0 0.0 0.0 0.0 0.0 0.0 0.0 0.0 0.0 0.0 0.0 0.0 0.0 0.0 0.0 0.0 0.0 0.0 0.0 0.0 0.0 0.0 0.0 0.0 0.0 0.0 0.0 0.0 0.0 0.0 0.0 0.0 0.0 0.0 0.0 0.0 0.0 0.0 0.0 0.0 0.0 0.0 0.0 0.0 0.0 0.0 0.0 0.0 0.0 0.0 0.0 0.0 0.0 0.0 0.0 0.0 0.0 0.0 0.0 0.0 0.0 0.0 0.0 0.0 0.0 0.0 0.0 0.0 0.0 0.0 0.0 0.0 0.0 0.0 0.0 0.0 0.0 0.0 0.0 0.0 0.0 0.0 0.0 0.0 0.0 0.0 0.0 0.0 0.0 0.0 0.0 0.0 0.0 0.0 0.0 0.0 0.0 0.0 0.0 0.0 0.0 0.0 0.0 0.0 0.0 0.0 0.0 0.0}
espresso_flow {0.0 3.86 3.79 3.73 3.65 3.63 3.59 3.59 3.59 3.57 3.59 3.56 3.55 3.51 3.56 3.56 3.51 3.55 3.56 3.51 3.49 3.52 3.47 3.45 3.49 3.45 3.45 3.46 3.51 3.47 3.5 3.45 3.46 3.45 3.47 3.43 3.42 3.45 3.45 3.48 3.47 3.47 3.37 3.17 2.92 2.68 2.44 2.25 2.04 1.82 1.64 1.44 1.31 1.17 1.02 0.94 0.83 0.77 0.73 0.7 0.68 0.67 0.61 0.6 0.56 0.6 0.56 0.55 0.58 0.54 0.59 0.59 0.56 0.62 0.58 0.61 0.59 0.6 0.6 0.56 0.59 0.61 0.59 0.65 0.6 0.67 0.63 0.63 0.63 0.66 0.67 0.66 0.71 0.68 0.72 0.76 0.76 0.76 0.8 0.83 0.82 0.83 0.82 0.83 0.86 0.86 0.88 0.9 0.91 0.94 0.96 0.98 0.98 1.0 1.02 1.01 1.04 1.08 1.1 1.11 1.11 1.15 1.15 1.16 1.16 1.18 1.18 1.22 1.22 1.24 1.23 1.24 1.24 1.23 1.27 1.25 1.25 1.3 1.29 1.29 1.27 1.29 1.32 1.31 1.34 1.34 1.35 1.36 1.38 1.39 1.4 1.41 1.43 1.43 1.45 1.47 1.47 1.49 1.5 1.49 1.49 1.5 1.5 1.53 1.49 1.52 1.52 1.55 1.57 1.57 1.6 1.6 1.59 1.56 1.59 1.59 1.63 1.64 1.6 1.55 1.53 1.58 1.6 1.63 1.65}
espresso_flow_weight {0.0 0.0 0.0 0.0 0.0 0.0 0.0 0.0 0.0 0.0 0.0 0.0 0.0 0.0 0.0 0.0 0.0 0.0 0.0 0.0 0.0 0.0 0.0 0.0 0.0 0.0 0.0 0.0 0.0 0.0 0.0 0.0 0.0 0.0 0.0 0.0 0.0 0.0 0.0 0.0 0.0 0.0 0.0 0.0 0.0 0.0 0.0 0.0 0.0 0.0 0.0 0.0 0.0 0.0 0.0 0.0 0.0 0.0 0.0 0.0 0.0 0.0 0.0 0.0 0.0 0.0 0.0 0.0 0.0 0.0 0.0 0.0 0.0 0.0 0.0 0.0 0.0 0.0 0.0 0.0 0.0 0.0 0.0 0.0 0.0 0.0 0.0 0.0 0.0 0.0 0.0 0.0 0.0 0.0 0.0 0.0 0.0 0.0 0.0 0.0 0.0 0.0 0.0 0.0 0.0 0.0 0.0 0.0 0.0 0.0 0.0 0.0 0.0 0.0 0.0 0.0 0.0 0.0 0.0 0.0 0.0 0.0 0.0 0.0 0.0 0.0 0.0 0.0 0.0 0.0 0.0 0.0 0.0 0.0 0.0 0.0 0.0 0.0 0.0 0.0 0.0 0.0 0.0 0.0 0.0 0.0 0.0 0.0 0.0 0.0 0.0 0.0 0.0 0.0 0.0 0.0 0.0 0.0 0.0 0.0 0.0 0.0 0.0 0.0 0.0 0.0 0.0 0.0 0.0 0.0 0.0 0.0 0.0 0.0 0.0 0.0 0.0 0.0 0.0 0.0 0.0 0.0 0.0 0.0 0.0}
espresso_flow_weight_raw {0.0 0.0 0.0 0.0 0.0 0.0 0.0 0.0 0.0 0.0 0.0 0.0 0.0 0.0 0.0 0.0 0.0 0.0 0.0 0.0 0.0 0.0 0.0 0.0 0.0 0.0 0.0 0.0 0.0 0.0 0.0 0.0 0.0 0.0 0.0 0.0 0.0 0.0 0.0 0.0 0.0 0.0 0.0 0.0 0.0 0.0 0.0 0.0 0.0 0.0 0.0 0.0 0.0 0.0 0.0 0.0 0.0 0.0 0.0 0.0 0.0 0.0 0.0 0.0 0.0 0.0 0.0 0.0 0.0 0.0 0.0 0.0 0.0 0.0 0.0 0.0 0.0 0.0 0.0 0.0 0.0 0.0 0.0 0.0 0.0 0.0 0.0 0.0 0.0 0.0 0.0 0.0 0.0 0.0 0.0 0.0 0.0 0.0 0.0 0.0 0.0 0.0 0.0 0.0 0.0 0.0 0.0 0.0 0.0 0.0 0.0 0.0 0.0 0.0 0.0 0.0 0.0 0.0 0.0 0.0 0.0 0.0 0.0 0.0 0.0 0.0 0.0 0.0 0.0 0.0 0.0 0.0 0.0 0.0 0.0 0.0 0.0 0.0 0.0 0.0 0.0 0.0 0.0 0.0 0.0 0.0 0.0 0.0 0.0 0.0 0.0 0.0 0.0 0.0 0.0 0.0 0.0 0.0 0.0 0.0 0.0 0.0 0.0 0.0 0.0 0.0 0.0 0.0 0.0 0.0 0.0 0.0 0.0 0.0 0.0 0.0 0.0 0.0 0.0 0.0 0.0 0.0 0.0 0.0 0.0}
espresso_temperature_basket {90.0 78.35 78.57 78.52 78.52 78.84 79.55 80.5 81.52 82.53 83.45 84.29 85.03 85.68 86.35 86.79 87.15 87.65 87.97 88.12 88.37 88.63 88.76 88.85 88.91 89.08 89.07 89.07 89.15 89.12 89.09 89.13 89.12 89.1 89.08 89.08 89.16 89.19 89.22 89.28 89.35 89.4 89.44 89.42 89.44 89.51 89.52 89.56 89.54 89.6 89.57 89.61 89.63 89.62 89.6 89.55 89.63 89.6 89.56 89.56 89.54 89.49 89.58 89.56 89.53 89.5 89.47 89.45 89.52 89.56 89.45 89.48 89.46 89.51 89.48 89.46 89.45 89.4 89.45 89.4 89.41 89.38 89.38 89.38 89.37 89.32 89.37 89.39 89.39 89.44 89.41 89.36 89.36 89.36 89.37 89.37 89.28 89.3 89.33 89.33 89.37 89.36 89.37 89.3 89.27 89.31 89.35 89.29 89.26 89.29 89.29 89.27 89.28 89.31 89.27 89.27 89.31 89.24 89.29 89.32 89.34 89.31 89.35 89.39 89.44 89.41 89.45 89.52 89.56 89.63 89.6 89.64 89.69 89.78 89.84 89.81 89.92 89.92 90.0 90.13 90.17 90.17 90.26 90.25 90.35 90.44 90.46 90.49 90.61 90.62 90.66 90.75 90.74 90.77 90.79 90.8 90.84 90.93 90.98 90.98 91.02 91.03 91.14 91.11 91.13 91.2 91.22 91.15 91.19 91.26 91.24 91.31 91.24 91.26 91.24 91.25 91.27 91.25 91.23 91.23 91.22 91.24 91.18 91.22 91.2}
espresso_temperature_mix {90.0 89.18 88.43 88.46 88.76 89.21 89.84 90.27 90.66 91.03 91.3 91.3 91.36 91.26 91.2 91.1 90.9 90.77 90.43 90.27 90.07 89.84 89.54 89.38 89.02 88.86 88.79 88.69 88.53 88.56 88.72 88.82 88.89 89.02 89.15 89.21 89.21 89.31 89.21 89.31 89.25 89.31 89.18 89.18 89.15 89.21 89.18 89.15 89.18 89.12 89.12 89.09 89.02 89.15 89.09 89.05 88.89 89.02 88.95 88.89 88.82 88.86 88.82 88.79 88.62 88.69 88.72 88.66 88.56 88.46 88.56 88.4 88.43 88.36 88.4 88.27 88.2 88.23 88.14 88.17 88.14 88.07 88.1 88.0 88.1 88.04 87.91 87.97 87.97 88.14 88.07 88.1 88.07 88.14 88.17 88.36 88.36 88.33 88.43 88.62 88.66 88.79 88.89 89.02 88.98 89.28 89.31 89.51 89.64 89.77 89.97 90.07 90.2 90.43 90.57 90.7 90.86 91.0 91.16 91.33 91.39 91.43 91.59 91.73 91.83 92.03 92.16 92.2 92.39 92.46 92.5 92.59 92.66 92.76 92.8 92.93 92.83 93.0 92.93 92.96 93.0 93.07 93.0 92.93 93.0 92.93 92.93 92.86 92.9 92.83 92.73 92.7 92.56 92.63 92.5 92.56 92.39 92.39 92.33 92.16 92.09 92.06 91.99 91.89 91.86 91.93 91.79 91.76 91.66 91.56 91.46 91.43 91.23 91.26 91.06 90.96 90.9 90.83 90.86 90.77 90.66 90.7 90.6 90.53 90.5}
espresso_water_dispensed {0.0 0.08045450846354169 0.15947977701822919 0.2372589111328125 0.31339009602864587 0.389068603515625 0.4639434814453125 0.5388336181640625 0.61370849609375 0.6880900065104167 0.7628580729166667 0.8369852701822919 0.911046346028646 0.984074910481771 1.0583343505859375 1.132537841796875 1.2056732177734375 1.279571533203125 1.3537445068359375 1.4267832438151042 1.4994913736979167 1.5727284749348958 1.64501953125 1.7168833414713545 1.78948974609375 1.861460367838542 1.933380126953125 2.0053914388020835 2.0785369873046875 2.1507466634114585 2.2236735026041665 2.295486450195312 2.367660522460937 2.4395548502604165 2.5117594401041665 2.583257039388021 2.6544901529947915 2.726465861002604 2.798334757486979 2.870758056640625 2.943105061848958 3.0154571533203125 3.0856781005859375 3.1517079671223955 3.2124430338541665 3.2683766682942705 3.319229125976562 3.3660583496093746 3.4085744222005205 3.446456909179687 3.4806213378906246 3.510609944661458 3.537953694661458 3.5622863769531246 3.583491007486979 3.6030934651692705 3.6203358968098955 3.6362762451171875 3.6514078776041665 3.6660003662109375 3.680079142252604 3.6939544677734375 3.7066446940104165 3.719080607096354 3.730672200520833 3.7432607014973955 3.755025227864583 3.7663981119791665 3.778498331705729 3.789794921875 3.802057902018229 3.8143056233723955 3.825978597005208 3.8388214111328125 3.851008097330729 3.8636525472005205 3.875991821289062 3.8884023030598955 3.9009755452473955 3.912684122721354 3.924952189127604 3.937733968098958 3.950124104817708 3.963699340820312 3.976272583007812 3.990132649739583 4.003280639648437 4.016433715820312 4.029561360677083 4.043395996093749 4.057362874348958 4.0711313883463545 4.0859324137369795 4.100046793619792 4.1150258382161455 4.130920410156249 4.146657307942708 4.162445068359374 4.179168701171874 4.196543375651041 4.213633219401041 4.230997721354166 4.248057047526041 4.265411376953124 4.283350626627604 4.301310221354166 4.319727579752604 4.338409423828124 4.357401529947916 4.376948038736979 4.397048950195312 4.417419433593749 4.437830607096354 4.4586842854817705 4.479843139648437 4.500940958658854 4.522547403971354 4.5450490315755205 4.567866007486979 4.590901692708333 4.614069620768229 4.638041178385416 4.662068684895833 4.686258951822916 4.710428873697916 4.735041300455729 4.759704589843749 4.785054524739582 4.810379028320312 4.836115519205729 4.861811319986979 4.887746175130208 4.9135894775390625 4.939249674479166 4.9656524658203125 4.9916127522786455 5.0177052815755205 5.044687906901041 5.071650187174479 5.098612467447916 5.125061035156249 5.151880900065104 5.179285685221354 5.2065785725911455 5.2344970703125 5.262359619140625 5.290491739908854 5.31878662109375 5.347620646158854 5.3766326904296875 5.405802408854166 5.435139973958333 5.4649810791015625 5.494862874348958 5.5250091552734375 5.5556081136067705 5.586140950520833 5.617273966471354 5.648523966471354 5.679636637369791 5.710723876953125 5.742045084635416 5.7733917236328125 5.805196126302083 5.836334228515625 5.868011474609375 5.899749755859375 5.9320424397786455 5.9647572835286455 5.997568766276041 6.030817667643229 6.064086914062499 6.097229003906249 6.129725138346354 6.162790934244791 6.195978800455729 6.229838053385416 6.26410420735677 6.297403971354166 6.329615275065104 6.361445109049479 6.394368489583332 6.427734374999999 6.46173604329427 6.496185302734374}
espresso_pressure_delta {0.0 0.0006277901785714286 0.00018964494977678572 5.257483756188119e-5 6.753651629570747e-5 8.004610655737704e-5 3.7069708051257254e-5 6.593154289118348e-6 3.393198401667825e-7 4.254854642427885e-6 2.777261078042328e-5 1.4277919586756888e-5 1.8411651318657367e-5 6.88129590115125e-6 0.0 1.4361213235294117e-5 4.876520215850515e-6 8.287140470111145e-6 1.2505936884323107e-5 8.303658107927156e-6 1.1161771438494569e-5 8.344194401290631e-6 1.4097946264894592e-5 6.119479484524847e-6 6.795771447860407e-6 1.4717870643901461e-5 2.0536067134508525e-5 1.1937974624930543e-5 1.567118876689189e-5 1.8950221191656693e-5 2.1502516482832975e-5 1.581019397585545e-5 1.7820758584104937e-5 2.757076888421685e-5 1.794525802585706e-5 1.9250612701727065e-5 2.4785850253807106e-5 3.0087066642267766e-5 2.6721227901988822e-5 3.156964263164541e-5 4.020046391515226e-5 5.629505949165766e-5 6.60541894519827e-5 5.509875486882804e-5 4.438424762702401e-5 4.726417808312452e-5 4.8598566553584786e-5 4.0448128586332815e-5 3.798130224793557e-5 3.336189339523476e-5 2.242058999902095e-5 1.8031652636746814e-5 1.2667999281947453e-5 9.275722749907782e-6 1.056377704326923e-5 2.6692708333333333e-6 8.128091227993725e-6 4.901665057915058e-6 3.534993475881808e-6 2.601961386731659e-6 3.974936909801368e-8 6.245503237668879e-7 4.444517643234297e-6 3.024818026947499e-6 8.75182543382297e-6 1.1621379701929574e-5 8.47209788467218e-6 4.805149929188757e-6 4.708138800272421e-6 7.612709435626103e-6 1.136249825820386e-5 8.423261840661224e-6 2.028458313631451e-6 9.075435673051255e-6 1.154166016010257e-5 9.269561115070624e-6 7.302015618995773e-6 1.109800176778837e-6 6.975880657059263e-6 1.4203834921196824e-5 1.0110754569468059e-5 3.314059778365067e-6 4.5720301943818895e-6 7.881491607696357e-6 8.392819679958332e-6 1.1409222534849177e-5 7.491257262112922e-6 5.371121014573678e-6 2.3425867844932173e-6 5.305666088784537e-6 2.5679606168078108e-6 1.6524120323491792e-6 1.0696617332664697e-6 2.4198820360999532e-6 3.6128884899969063e-6 1.945741161745172e-6 1.0974552060710138e-6 1.0509081410481004e-6 2.6584308800237576e-6 1.2070195861275637e-6 2.2035207807647515e-6 1.2421477512719592e-6 1.2637158383987083e-6 3.0001743549602148e-6 1.2967446885337558e-6 1.598412501728987e-6 2.723961429420641e-6 2.2100174255453969e-7 4.375672103235057e-7 9.440943361632146e-7 1.0743734597782081e-7 4.2637203108627315e-7 3.166681979333304e-7 1.808526510447889e-6 1.6805804899294638e-6 1.5516324077191801e-6 1.6898362902889547e-6 6.26442029135455e-7 1.9821159484172542e-6 1.589974763920547e-6 1.1619648186988262e-6 3.512955154082897e-7 5.425562522322315e-7 1.5076929601148567e-6 1.5800750029240906e-6 9.924799885787294e-7 1.002688629908264e-6 2.6802050773804985e-6 1.3563880673872784e-6 1.03387388041523e-6 2.817286842986897e-7 1.2077245920702895e-6 3.039132006736719e-6 9.856912441348707e-7 8.89577658826076e-7 6.650902394436878e-7 1.3021759325107564e-7 5.942466179271906e-7 4.1933856649607404e-7 1.7406471715994853e-6 1.00257900389951e-6 1.2308344836751492e-6 8.640969575279064e-7 1.0719133118308622e-6 2.4505034366712544e-6 1.016778107716399e-6 1.0835241198290994e-6 1.4607184243400507e-6 1.6571351651220468e-6 1.3544006902089282e-6 1.509710457663693e-6 3.356796979919422e-7 3.104831017708963e-8 6.781898102844156e-7 1.3564219544541402e-6 1.2327260082907368e-6 1.390382710699805e-6 1.7359173964232947e-6 2.910522826618573e-7 7.856854165401663e-7 2.5801442946433964e-7 6.077156872300864e-7 5.097793744779859e-8 1.2514838402619338e-6 5.246008779030407e-7 6.218959528898518e-7 5.468113710404607e-7 1.6086019679805804e-6 1.6845513612971854e-7 4.951293774457997e-7 1.6699653911106064e-6 3.7916457827412887e-7 0.0 4.1578474859009434e-7 1.720444976972589e-6 2.8272599123194e-7 7.904025941066725e-7 6.6572307964987864e-9 5.49180765217627e-7 2.172889752683532e-7 3.4032953113690585e-7 1.2114867073073126e-6 1.1524618449665854e-6 1.1456260050615559e-6 9.608557119617978e-7}
espresso_flow_delta_negative 0.0
espresso_flow_delta_negative_2x 0.0
espresso_resistance {0.0 0.03 0.03 0.03 0.03 0.03 0.03 0.03 0.03 0.03 0.02 0.03 0.03 0.03 0.03 0.03 0.04 0.04 0.04 0.05 0.05 0.05 0.06 0.06 0.06 0.07 0.08 0.08 0.09 0.1 0.11 0.12 0.13 0.15 0.15 0.17 0.19 0.2 0.22 0.24 0.26 0.3 0.37 0.47 0.6 0.77 1.0 1.26 1.62 2.14 2.72 3.61 4.43 5.66 7.57 8.89 11.63 13.51 15.07 16.27 17.48 17.98 21.64 22.43 26.19 21.78 25.3 26.85 23.52 27.35 22.74 23.15 25.59 20.78 23.59 21.52 22.93 22.61 21.73 25.78 23.0 21.05 22.62 18.52 21.99 17.65 19.94 19.68 19.87 17.67 17.44 17.88 15.43 17.07 15.02 13.27 13.58 13.53 11.97 11.06 11.5 11.1 11.46 10.98 10.31 10.34 9.75 9.49 9.17 8.63 8.16 7.93 7.91 7.53 7.28 7.36 6.98 6.42 6.29 6.13 6.04 5.64 5.6 5.55 5.53 5.32 5.31 4.98 5.02 4.84 4.85 4.78 4.76 4.85 4.56 4.71 4.66 4.35 4.36 4.33 4.52 4.38 4.18 4.23 4.0 4.04 3.98 3.91 3.74 3.71 3.65 3.6 3.48 3.48 3.4 3.28 3.32 3.16 3.14 3.16 3.17 3.11 3.11 3.0 3.14 3.02 3.02 2.89 2.82 2.81 2.72 2.72 2.74 2.85 2.73 2.72 2.6 2.54 2.68 2.86 2.93 2.72 2.67 2.55 2.48}
espresso_resistance_weight {0.0 0.0 0.0 0.0 0.0 0.0 0.0 0.0 0.0 0.0 0.0 0.0 0.0 0.0 0.0 0.0 0.0 0.0 0.0 0.0 0.0 0.0 0.0 0.0 0.0 0.0 0.0 0.0 0.0 0.0 0.0 0.0 0.0 0.0 0.0 0.0 0.0 0.0 0.0 0.0 0.0 0.0 0.0 0.0 0.0 0.0 0.0 0.0 0.0 0.0 0.0 0.0 0.0 0.0 0.0 0.0 0.0 0.0 0.0 0.0 0.0 0.0 0.0 0.0 0.0 0.0 0.0 0.0 0.0 0.0 0.0 0.0 0.0 0.0 0.0 0.0 0.0 0.0 0.0 0.0 0.0 0.0 0.0 0.0 0.0 0.0 0.0 0.0 0.0 0.0 0.0 0.0 0.0 0.0 0.0 0.0 0.0 0.0 0.0 0.0 0.0 0.0 0.0 0.0 0.0 0.0 0.0 0.0 0.0 0.0 0.0 0.0 0.0 0.0 0.0 0.0 0.0 0.0 0.0 0.0 0.0 0.0 0.0 0.0 0.0 0.0 0.0 0.0 0.0 0.0 0.0 0.0 0.0 0.0 0.0 0.0 0.0 0.0 0.0 0.0 0.0 0.0 0.0 0.0 0.0 0.0 0.0 0.0 0.0 0.0 0.0 0.0 0.0 0.0 0.0 0.0 0.0 0.0 0.0 0.0 0.0 0.0 0.0 0.0 0.0 0.0 0.0 0.0 0.0 0.0 0.0 0.0 0.0 0.0 0.0 0.0 0.0 0.0 0.0 0.0 0.0 0.0 0.0 0.0 0.0}
espresso_state_change {0.0 10000000.0 10000000.0 10000000.0 10000000.0 10000000.0 10000000.0 10000000.0 10000000.0 10000000.0 10000000.0 10000000.0 10000000.0 10000000.0 10000000.0 10000000.0 10000000.0 10000000.0 10000000.0 10000000.0 10000000.0 10000000.0 10000000.0 10000000.0 10000000.0 10000000.0 10000000.0 10000000.0 10000000.0 10000000.0 10000000.0 10000000.0 10000000.0 10000000.0 10000000.0 10000000.0 10000000.0 10000000.0 10000000.0 10000000.0 10000000.0 -10000000.0 -10000000.0 -10000000.0 -10000000.0 -10000000.0 -10000000.0 -10000000.0 -10000000.0 -10000000.0 -10000000.0 -10000000.0 -10000000.0 -10000000.0 -10000000.0 10000000.0 10000000.0 10000000.0 10000000.0 10000000.0 10000000.0 10000000.0 10000000.0 10000000.0 10000000.0 -10000000.0 -10000000.0 -10000000.0 -10000000.0 -10000000.0 -10000000.0 -10000000.0 -10000000.0 -10000000.0 -10000000.0 -10000000.0 -10000000.0 -10000000.0 -10000000.0 10000000.0 10000000.0 10000000.0 10000000.0 10000000.0 10000000.0 10000000.0 10000000.0 10000000.0 10000000.0 10000000.0 10000000.0 10000000.0 10000000.0 10000000.0 10000000.0 10000000.0 10000000.0 10000000.0 10000000.0 10000000.0 10000000.0 10000000.0 10000000.0 10000000.0 10000000.0 10000000.0 10000000.0 10000000.0 10000000.0 10000000.0 10000000.0 10000000.0 10000000.0 10000000.0 10000000.0 10000000.0 10000000.0 10000000.0 10000000.0 10000000.0 10000000.0 10000000.0 10000000.0 10000000.0 10000000.0 10000000.0 10000000.0 10000000.0 10000000.0 10000000.0 10000000.0 10000000.0 10000000.0 10000000.0 10000000.0 10000000.0 10000000.0 10000000.0 10000000.0 10000000.0 10000000.0 10000000.0 10000000.0 10000000.0 10000000.0 10000000.0 10000000.0 10000000.0 10000000.0 10000000.0 10000000.0 10000000.0 10000000.0 10000000.0 10000000.0 10000000.0 10000000.0 10000000.0 10000000.0 10000000.0 10000000.0 10000000.0 10000000.0 10000000.0 10000000.0 10000000.0 10000000.0 10000000.0 10000000.0 10000000.0 10000000.0 10000000.0 10000000.0 10000000.0 10000000.0 10000000.0 10000000.0 10000000.0 10000000.0 10000000.0 10000000.0 10000000.0 10000000.0 10000000.0 10000000.0}
espresso_pressure_goal {-1.0 -1.0 -1.0 -1.0 -1.0 -1.0 -1.0 -1.0 -1.0 -1.0 -1.0 -1.0 -1.0 -1.0 -1.0 -1.0 -1.0 -1.0 -1.0 -1.0 -1.0 -1.0 -1.0 -1.0 -1.0 -1.0 -1.0 -1.0 -1.0 -1.0 -1.0 -1.0 -1.0 -1.0 -1.0 -1.0 -1.0 -1.0 -1.0 -1.0 -1.0 5.0 6.0625 6.75 7.1875 7.5 7.6875 7.8125 7.875 7.9375 7.9375 8.0 8.0 8.0 8.0 8.0 8.0 8.0 8.0 8.0 8.0 8.0 8.0 8.0 8.0 7.9375 7.9375 8.0 8.0 8.0 8.0 8.0 8.0 8.0 8.0 8.0 8.0 8.0 8.0 7.875 7.875 7.875 7.875 7.875 7.875 7.875 7.8125 7.8125 7.8125 7.8125 7.8125 7.8125 7.75 7.75 7.75 7.75 7.75 7.6875 7.6875 7.6875 7.6875 7.6875 7.6875 7.625 7.625 7.625 7.625 7.625 7.625 7.5625 7.5625 7.5625 7.5625 7.5625 7.5 7.5 7.5 7.5 7.5 7.5 7.4375 7.4375 7.4375 7.4375 7.4375 7.4375 7.375 7.375 7.375 7.375 7.375 7.3125 7.3125 7.3125 7.3125 7.3125 7.3125 7.25 7.25 7.25 7.25 7.25 7.1875 7.1875 7.1875 7.1875 7.1875 7.1875 7.125 7.125 7.125 7.125 7.125 7.125 7.0625 7.0625 7.0625 7.0625 7.0625 7.0 7.0 7.0 7.0 7.0 7.0 6.9375 6.9375 6.9375 6.9375 6.9375 6.875 6.875 6.875 6.875 6.875 6.875 6.8125 6.8125 6.8125 6.8125 6.8125 6.8125 6.75 6.75 6.75}
espresso_flow_goal {-1.0 3.5 3.5 3.5 3.5 3.5 3.5 3.5 3.5 3.5 3.5 3.5 3.5 3.5 3.5 3.5 3.5 3.5 3.5 3.5 3.5 3.5 3.5 3.5 3.5 3.5 3.5 3.5 3.5 3.5 3.5 3.5 3.5 3.5 3.5 3.5 3.5 3.5 3.5 3.5 3.5 -1.0 -1.0 -1.0 -1.0 -1.0 -1.0 -1.0 -1.0 -1.0 -1.0 -1.0 -1.0 -1.0 -1.0 -1.0 -1.0 -1.0 -1.0 -1.0 -1.0 -1.0 -1.0 -1.0 -1.0 -1.0 -1.0 -1.0 -1.0 -1.0 -1.0 -1.0 -1.0 -1.0 -1.0 -1.0 -1.0 -1.0 -1.0 -1.0 -1.0 -1.0 -1.0 -1.0 -1.0 -1.0 -1.0 -1.0 -1.0 -1.0 -1.0 -1.0 -1.0 -1.0 -1.0 -1.0 -1.0 -1.0 -1.0 -1.0 -1.0 -1.0 -1.0 -1.0 -1.0 -1.0 -1.0 -1.0 -1.0 -1.0 -1.0 -1.0 -1.0 -1.0 -1.0 -1.0 -1.0 -1.0 -1.0 -1.0 -1.0 -1.0 -1.0 -1.0 -1.0 -1.0 -1.0 -1.0 -1.0 -1.0 -1.0 -1.0 -1.0 -1.0 -1.0 -1.0 -1.0 -1.0 -1.0 -1.0 -1.0 -1.0 -1.0 -1.0 -1.0 -1.0 -1.0 -1.0 -1.0 -1.0 -1.0 -1.0 -1.0 -1.0 -1.0 -1.0 -1.0 -1.0 -1.0 -1.0 -1.0 -1.0 -1.0 -1.0 -1.0 -1.0 -1.0 -1.0 -1.0 -1.0 -1.0 -1.0 -1.0 -1.0 -1.0 -1.0 -1.0 -1.0 -1.0 -1.0 -1.0 -1.0 -1.0 -1.0 -1.0}
espresso_temperature_goal {90.0 90.0 90.0 90.0 90.0 90.0 90.0 90.0 90.0 90.0 90.0 90.0 90.0 90.0 90.0 90.0 90.0 90.0 90.0 90.0 90.0 90.0 90.0 90.0 90.0 90.0 90.0 90.0 90.0 90.0 90.0 90.0 90.0 90.0 90.0 90.0 90.0 90.0 90.0 90.0 90.0 90.0 90.0 90.0 90.0 90.0 90.0 90.0 90.0 90.0 90.0 90.0 90.0 90.0 90.0 90.0 90.0 90.0 90.0 90.0 90.0 90.0 90.0 90.0 90.0 90.0 90.0 90.0 90.0 90.0 90.0 90.0 90.0 90.0 90.0 90.0 90.0 90.0 90.0 90.0 90.0 90.0 90.0 90.0 90.0 90.0 90.0 90.0 90.0 90.0 90.0 90.0 90.0 90.0 90.0 90.0 90.0 90.0 90.0 90.0 90.0 90.0 90.0 90.0 90.0 90.0 90.0 90.0 90.0 90.0 90.0 90.0 90.0 90.0 90.0 90.0 90.0 90.0 90.0 90.0 90.0 90.0 90.0 90.0 90.0 90.0 90.0 90.0 90.0 90.0 90.0 90.0 90.0 90.0 90.0 90.0 90.0 90.0 90.0 90.0 90.0 90.0 90.0 90.0 90.0 90.0 90.0 90.0 90.0 90.0 90.0 90.0 90.0 90.0 90.0 90.0 90.0 90.0 90.0 90.0 90.0 90.0 90.0 90.0 90.0 90.0 90.0 90.0 90.0 90.0 90.0 90.0 90.0 90.0 90.0 90.0 90.0 90.0 90.0 90.0 90.0 90.0 90.0 90.0 90.0}
