espresso_elapsed {0.0 0.007 0.222 0.403 0.628 0.853 1.033 1.257 1.482 1.663 1.889 2.113 2.292 2.518 2.697 2.922 3.148 3.327 3.552 3.777 3.958 4.183 4.363 4.588 4.813 4.992 5.217 5.443 5.622 5.847 6.072 6.252 6.477 6.658 6.881 7.107 7.287 7.512 7.738 7.917 8.142 8.322 8.547 8.772 8.953 9.178 9.403 9.582 9.808 10.033 10.212 10.438 10.618 10.843 11.068 11.247 11.473 11.697 11.878 12.104 12.282 12.508 12.733 12.912 13.138 13.363 13.542 13.768 13.948 14.172 14.398 14.577 14.802 15.027 15.208 15.432 15.657 15.837 16.062 16.242 16.468 16.693 16.873 17.101 17.322 17.503 17.727 17.907 18.132 18.357 18.537 18.762 18.988 19.167 19.392 19.617 19.797 20.022 20.202 20.427 20.652 20.832 21.057 21.283 21.462 21.688 21.867 22.093 22.317 22.497 22.722 22.947 23.127 23.352 23.532 23.758 23.982 24.163 24.387 24.613 24.792 25.017 25.242 25.422 25.647 25.828 26.052 26.277 26.458 26.683 26.908 27.087 27.312 27.492 27.717 27.942 28.122 28.347 28.572 28.752 28.977 29.203 29.382 29.607 29.787 30.012 30.237 30.416 30.642 30.867 31.047 31.272 31.452 31.677 31.902 32.082 32.307 32.532 32.712 32.937 33.117 33.343 33.567 33.748 33.972 34.197 34.377 34.603 34.827 35.007 35.232 35.412 35.638 35.863 36.042 36.267 36.492}
espresso_pressure {0.0 0.5 0.51 0.45 0.43 0.42 0.39 0.44 0.41 0.39 0.39 0.35 0.36 0.36 0.35 0.35 0.39 0.42 0.46 0.48 0.57 0.65 0.69 0.69 0.74 0.8 0.86 0.9 0.98 1.05 1.17 1.25 1.33 1.45 1.59 1.75 1.92 1.97 2.11 2.29 2.52 2.77 3.0 3.31 3.74 4.38 4.82 5.25 5.68 6.14 6.59 6.96 7.21 7.4 7.56 7.65 7.77 7.84 7.86 7.93 7.93 7.91 7.94 7.98 7.96 7.98 7.98 8.0 7.97 8.02 8.04 8.02 8.08 8.02 8.03 8.08 8.02 7.98 8.04 8.06 8.02 8.01 8.01 8.03 8.0 7.97 7.99 8.01 7.96 7.98 7.99 7.97 7.95 7.91 7.93 7.92 7.89 7.89 7.85 7.92 7.87 7.84 7.87 7.84 7.86 7.77 7.81 7.79 7.76 7.73 7.75 7.78 7.7 7.73 7.71 7.7 7.65 7.68 7.69 7.62 7.61 7.61 7.6 7.58 7.59 7.56 7.58 7.52 7.53 7.51 7.53 7.48 7.47 7.46 7.45 7.46 7.45 7.43 7.39 7.38 7.39 7.4 7.36 7.33 7.34 7.31 7.31 7.29 7.29 7.31 7.22 7.25 7.24 7.2 7.23 7.2 7.18 7.15 7.19 7.14 7.13 7.11 7.13 7.1 7.1 7.03 7.03 7.03 7.0 7.03 6.99 7.03 6.98 6.96 6.95 6.93 6.92}
espresso_weight {0.0 0.0 0.0 0.0 0.0 0.0 0.0 0.0 0.0 0.0 0.0 0.0 0.0 0.0 0.0 0.0 0.0 0.0 0.0 0.0 0.0 0.0 0.0 0.0 0.0 0.0 0.0 0.0 0.0 0.0 0.0 0.0 0.0 0.0 0.0 0.0 0.0 0.0 0.0 0.0 0.0 0.0 0.0 0.0 0.0 0.0 0.0 0.0 0.0 0.0 0.0 0.0 0.0 0.0 0.0 0.0 0.0 0.0 0.0 0.0 0.0 0.0 0.0 0.0 0.0 0.0 0.0 0.0 0.0 0.0 0.0 0.0 0.0 0.0 0.0 0.0 0.0 0.0 0.0 0.0 0.0 0.0 0.0 0.0 0.0 0.0 0.0 0.0 0.0 0.0 0.0 0.0 0.0 0.0 0.0 0.0 0.0 0.0 0.0 0.0 0.0 0.0 0.0 0.0 0.0 0.0 0.0 0.0 0.0 0.0 0.0 0.0 0.0 0.0 0.0 0.0 0.0 0.0 0.0 0.0 0.0 0.0 0.0 0.0 0.0 0.0 0.0 0.0 0.0 0.0 0.0 0.0 0.0 0.0 0.0 0.0 0.0 0.0 0.0 0.0 0.0 0.0 0.0 0.0 0.0 0.0 0.0 0.0 0.0 0.0 0.0 0.0 0.0 0.0 0.0 0.0 0.0 0.0 0.0 0.0 0.0 0.0 0.0 0.0 0.0 0.0 0.0 0.0 0.0 0.0 0.0 0.0 0.0 0.0 0.0 0.0 0.0}
espresso_flow {0.0 3.87 3.78 3.7 3.61 3.6 3.56 3.58 3.59 3.57 3.6 3.6 3.63 3.64 3.55 3.57 3.51 3.5 3.51 3.47 3.49 3.51 3.5 3.51 3.5 3.47 3.51 3.44 3.46 3.39 3.4 3.44 3.44 3.43 3.43 3.45 3.44 3.47 3.46 3.47 3.41 3.46 3.45 3.43 3.49 3.35 3.22 3.0 2.84 2.63 2.42 2.21 2.0 1.8 1.62 1.49 1.39 1.28 1.21 1.13 1.09 1.02 0.98 0.94 0.91 0.91 0.92 0.9 0.88 0.88 0.9 0.91 0.9 0.87 0.89 0.9 0.91 0.92 0.92 0.9 0.9 0.92 0.91 0.91 0.95 0.97 0.99 1.0 1.02 1.03 1.04 1.04 1.04 1.06 1.08 1.1 1.11 1.13 1.15 1.14 1.17 1.19 1.19 1.2 1.19 1.2 1.22 1.24 1.25 1.25 1.27 1.25 1.27 1.28 1.29 1.3 1.33 1.32 1.32 1.34 1.37 1.38 1.39 1.41 1.41 1.41 1.4 1.4 1.42 1.41 1.41 1.45 1.45 1.46 1.46 1.45 1.46 1.49 1.51 1.51 1.51 1.51 1.5 1.53 1.54 1.56 1.58 1.59 1.57 1.57 1.58 1.59 1.57 1.58 1.56 1.59 1.61 1.63 1.61 1.61 1.61 1.64 1.67 1.67 1.68 1.7 1.69 1.72 1.75 1.76 1.79 1.78 1.77 1.77 1.8 1.82 1.82}
espresso_flow_weight {0.0 0.0 0.0 0.0 0.0 0.0 0.0 0.0 0.0 0.0 0.0 0.0 0.0 0.0 0.0 0.0 0.0 0.0 0.0 0.0 0.0 0.0 0.0 0.0 0.0 0.0 0.0 0.0 0.0 0.0 0.0 0.0 0.0 0.0 0.0 0.0 0.0 0.0 0.0 0.0 0.0 0.0 0.0 0.0 0.0 0.0 0.0 0.0 0.0 0.0 0.0 0.0 0.0 0.0 0.0 0.0 0.0 0.0 0.0 0.0 0.0 0.0 0.0 0.0 0.0 0.0 0.0 0.0 0.0 0.0 0.0 0.0 0.0 0.0 0.0 0.0 0.0 0.0 0.0 0.0 0.0 0.0 0.0 0.0 0.0 0.0 0.0 0.0 0.0 0.0 0.0 0.0 0.0 0.0 0.0 0.0 0.0 0.0 0.0 0.0 0.0 0.0 0.0 0.0 0.0 0.0 0.0 0.0 0.0 0.0 0.0 0.0 0.0 0.0 0.0 0.0 0.0 0.0 0.0 0.0 0.0 0.0 0.0 0.0 0.0 0.0 0.0 0.0 0.0 0.0 0.0 0.0 0.0 0.0 0.0 0.0 0.0 0.0 0.0 0.0 0.0 0.0 0.0 0.0 0.0 0.0 0.0 0.0 0.0 0.0 0.0 0.0 0.0 0.0 0.0 0.0 0.0 0.0 0.0 0.0 0.0 0.0 0.0 0.0 0.0 0.0 0.0 0.0 0.0 0.0 0.0 0.0 0.0 0.0 0.0 0.0 0.0}
espresso_flow_weight_raw {0.0 0.0 0.0 0.0 0.0 0.0 0.0 0.0 0.0 0.0 0.0 0.0 0.0 0.0 0.0 0.0 0.0 0.0 0.0 0.0 0.0 0.0 0.0 0.0 0.0 0.0 0.0 0.0 0.0 0.0 0.0 0.0 0.0 0.0 0.0 0.0 0.0 0.0 0.0 0.0 0.0 0.0 0.0 0.0 0.0 0.0 0.0 0.0 0.0 0.0 0.0 0.0 0.0 0.0 0.0 0.0 0.0 0.0 0.0 0.0 0.0 0.0 0.0 0.0 0.0 0.0 0.0 0.0 0.0 0.0 0.0 0.0 0.0 0.0 0.0 0.0 0.0 0.0 0.0 0.0 0.0 0.0 0.0 0.0 0.0 0.0 0.0 0.0 0.0 0.0 0.0 0.0 0.0 0.0 0.0 0.0 0.0 0.0 0.0 0.0 0.0 0.0 0.0 0.0 0.0 0.0 0.0 0.0 0.0 0.0 0.0 0.0 0.0 0.0 0.0 0.0 0.0 0.0 0.0 0.0 0.0 0.0 0.0 0.0 0.0 0.0 0.0 0.0 0.0 0.0 0.0 0.0 0.0 0.0 0.0 0.0 0.0 0.0 0.0 0.0 0.0 0.0 0.0 0.0 0.0 0.0 0.0 0.0 0.0 0.0 0.0 0.0 0.0 0.0 0.0 0.0 0.0 0.0 0.0 0.0 0.0 0.0 0.0 0.0 0.0 0.0 0.0 0.0 0.0 0.0 0.0 0.0 0.0 0.0 0.0 0.0 0.0}
espresso_temperature_basket {90.0 76.12 76.29 76.34 76.44 76.93 77.93 78.99 80.07 81.23 82.23 83.16 84.12 84.91 85.61 86.21 86.65 87.13 87.61 87.93 88.23 88.51 88.7 88.88 89.05 89.06 89.03 89.12 89.09 89.03 89.12 89.11 89.1 89.08 89.1 89.14 89.14 89.12 89.13 89.07 89.1 89.22 89.27 89.32 89.34 89.35 89.44 89.44 89.45 89.51 89.5 89.59 89.63 89.56 89.61 89.64 89.64 89.62 89.62 89.61 89.58 89.52 89.6 89.57 89.51 89.52 89.51 89.52 89.52 89.47 89.51 89.49 89.45 89.44 89.49 89.47 89.44 89.4 89.44 89.45 89.51 89.42 89.36 89.39 89.36 89.34 89.34 89.34 89.4 89.31 89.28 89.31 89.3 89.24 89.31 89.32 89.25 89.29 89.3 89.28 89.26 89.26 89.23 89.32 89.31 89.3 89.25 89.3 89.32 89.32 89.39 89.43 89.41 89.45 89.47 89.54 89.63 89.61 89.6 89.64 89.7 89.79 89.84 89.88 89.84 89.9 89.9 89.91 89.99 90.09 90.09 90.12 90.14 90.2 90.29 90.33 90.38 90.35 90.4 90.43 90.41 90.46 90.47 90.48 90.6 90.61 90.59 90.62 90.58 90.61 90.67 90.63 90.61 90.5 90.64 90.68 90.63 90.7 90.73 90.69 90.67 90.63 90.66 90.67 90.67 90.56 90.54 90.62 90.62 90.56 90.58 90.63 90.6 90.55 90.49 90.52 90.51}
espresso_temperature_mix {90.0 88.79 87.97 87.78 88.2 88.82 89.61 90.11 90.7 91.26 91.56 91.86 92.09 92.2 92.03 91.83 91.66 91.33 90.83 90.7 90.53 90.27 90.14 90.0 89.64 89.48 89.41 89.25 89.12 88.89 88.82 88.66 88.66 88.69 88.89 88.95 89.21 89.35 89.35 89.58 89.64 89.61 89.58 89.48 89.68 89.61 89.48 89.35 89.51 89.41 89.38 89.25 89.21 89.31 89.25 89.25 89.21 89.15 89.12 89.15 89.02 88.89 88.98 88.95 88.89 88.86 88.79 88.72 88.76 88.62 88.62 88.56 88.53 88.5 88.46 88.5 88.53 88.53 88.46 88.5 88.46 88.43 88.53 88.5 88.66 88.72 88.76 88.79 88.86 88.98 89.02 89.09 89.18 89.31 89.35 89.54 89.64 89.74 89.77 89.94 90.07 90.14 90.3 90.43 90.4 90.6 90.7 90.73 90.9 90.9 91.0 91.13 91.16 91.13 91.26 91.23 91.46 91.46 91.5 91.59 91.66 91.63 91.66 91.86 91.76 91.86 91.76 91.83 91.86 91.89 91.83 91.83 91.79 91.7 91.83 91.79 91.79 91.79 91.7 91.73 91.66 91.66 91.56 91.56 91.59 91.46 91.53 91.33 91.43 91.39 91.33 91.3 91.26 91.23 91.26 91.2 91.06 91.13 91.1 91.0 90.96 90.9 90.83 90.86 90.8 90.77 90.66 90.63 90.57 90.6 90.63 90.57 90.5 90.6 90.43 90.37 90.37}
espresso_water_dispensed {0.0 0.0805511474609375 0.159332275390625 0.23645528157552087 0.31176249186197924 0.38671875000000006 0.46087137858072924 0.5355173746744792 0.6102498372395835 0.6846771240234376 0.759648640950521 0.8347015380859375 0.9103291829427085 0.9861043294270835 1.0601094563802085 1.134429931640625 1.2075347900390625 1.280487060546875 1.353612263997396 1.4259185791015625 1.49853515625 1.571563720703125 1.6445465087890625 1.7175801595052083 1.7905171712239583 1.862884521484375 1.9359079996744795 2.0075937906901045 2.0797119140625 2.1504109700520835 2.22119140625 2.2928466796875 2.364598592122396 2.4361165364583335 2.5076141357421875 2.57952880859375 2.651224772135417 2.7235463460286464 2.7956899007161464 2.8679758707682295 2.939005533854167 3.0110219319661464 3.082931518554688 3.154434204101563 3.227101643880209 3.2968851725260424 3.3639628092447924 3.4265492757161464 3.4856669108072924 3.5404815673828125 3.590972900390625 3.6369425455729174 3.6786600748697924 3.716211954752605 3.749898274739584 3.7809855143229174 3.8100433349609375 3.83678690592448 3.861968994140625 3.885462443033855 3.9080861409505214 3.9292958577473964 3.94976806640625 3.96942138671875 3.9884440104166674 4.0074310302734375 4.0265960693359375 4.045415242513021 4.06365966796875 4.0820871988932295 4.100819905598959 4.119873046875 4.138554890950521 4.1567331949869795 4.175252278645834 4.194071451822917 4.2130584716796875 4.232228597005209 4.251408894856771 4.2701873779296875 4.288991292317709 4.3080698649088545 4.327036539713542 4.3460032145182295 4.365793863932292 4.3859507242838545 4.406585693359375 4.4274546305338545 4.448613484700521 4.470041910807292 4.4917144775390625 4.5134735107421875 4.535227457682292 4.557225545247396 4.579747517903646 4.602574666341146 4.6256866455078125 4.6492156982421875 4.673070271809896 4.696751912434896 4.721028645833334 4.7458445231119795 4.770731608072917 4.795684814453125 4.8205413818359375 4.8455047607421875 4.870900472005208 4.8967030843098955 4.9226531982421875 4.9487660725911455 4.975270589192708 5.001373291015625 5.027933756510418 5.054545084635418 5.081400553385418 5.108418782552084 5.1361541748046875 5.16369120279948 5.191202799479168 5.219141642252605 5.247650146484375 5.276341756184896 5.305348714192709 5.3347320556640625 5.364110310872396 5.393458048502605 5.4225616455078125 5.451822916666668 5.481470743815105 5.510930379231771 5.540273030598959 5.570582071940105 5.600713094075521 5.63104248046875 5.661504109700521 5.6917572021484375 5.722249348958334 5.753326416015625 5.784759521484375 5.816289265950521 5.847696940104168 5.8792572021484375 5.910593668619793 5.94256591796875 5.97467041015625 6.00707499186198 6.039988199869793 6.0731048583984375 6.105845133463543 6.138641357421875 6.1715749104817705 6.2046051025390625 6.2374114990234375 6.270243326822918 6.3028411865234375 6.336029052734375 6.3695068359375 6.403544108072918 6.437103271484375 6.4706268310546875 6.50414530436198 6.538355509440105 6.5730641682942705 6.607808430989583 6.642832438151043 6.67822265625 6.713419596354168 6.749170939127605 6.78570556640625 6.8222808837890625 6.859532674153647 6.896677652994793 6.93364969889323 6.970555623372397 7.007965087890625 7.045842488606772 7.083719889322918}
espresso_pressure_delta {0.0 0.017438616071428572 4.7288499436936935e-5 0.00015205780862282878 3.459954717356688e-5 9.731279308323564e-6 3.3560473136495644e-5 4.4283263723150356e-5 2.1580581562078273e-5 1.5855193926638606e-5 2.067893065113817e-6 1.9526628312825368e-5 3.6216323080279234e-6 1.9391630262112787e-7 9.957533833889506e-7 2.0052618069815196e-6 1.40373103954892e-5 9.466228020739404e-6 1.0928592166385135e-5 5.558934008472333e-6 2.2267500157908036e-5 1.9960816100884532e-5 7.162502865001146e-6 9.046187064080209e-7 1.0297225612923332e-5 1.2520032051282051e-5 1.1792876653248993e-5 6.414129960499724e-6 1.545963402703664e-5 1.1232055434410809e-5 1.9259446537384715e-5 1.3823701415547026e-5 1.1458815809788482e-5 1.8261044044758187e-5 2.0401229381630576e-5 2.253500070353173e-5 2.3184480924934815e-5 6.467516556842385e-6 1.855191102352029e-5 2.3128138025767335e-5 2.8306159420289855e-5 3.004085556356645e-5 2.6079371782496782e-5 3.5763874045257635e-5 4.791188184128225e-5 6.932125394966224e-5 4.665752452674678e-5 4.5097986458985595e-5 4.408371195707586e-5 4.5990808457091595e-5 4.3582878904719935e-5 3.583286429392604e-5 2.3636896072706726e-5 1.722471438946786e-5 1.4911371747379834e-5 7.771169534097981e-6 1.0767467641418984e-5 5.405866621783363e-6 2.096509829095807e-6 5.95022177585922e-6 0.0 1.5810193975855453e-6 2.0899495896489436e-6 3.3845393335656755e-6 1.6910334050083726e-6 1.2423529521813963e-6 3.6056804755575247e-8 1.879641650929692e-6 2.362989989604244e-6 3.5832098504092577e-6 9.49567648284484e-7 8.709139397681279e-7 3.958502229428455e-6 4.25666092699807e-6 1.0595266471593898e-6 3.179903163880249e-6 4.178941527751165e-6 2.1119697938372165e-6 3.6327735882829036e-6 9.169177518162787e-7 2.134822079183872e-6 9.067704277241957e-7 7.23465373673917e-8 1.4561922548388982e-6 1.5926504228726476e-6 2.078326751128378e-6 1.459858196536357e-6 1.1316061805439214e-6 3.016076549746305e-6 1.3565584654355287e-6 4.741361870852889e-7 9.499128890843193e-7 1.3629084816726353e-6 2.1908586372410913e-6 1.183437435540429e-6 3.98251516541775e-7 1.5661897951709855e-6 1.829042740485466e-7 2.07861535986536e-6 3.4182316908993e-6 2.742621779972884e-6 1.3946205057123656e-6 1.4145014128318374e-6 1.3650676302682892e-6 1.262678658792284e-6 4.514034979020657e-6 2.0431579263273425e-6 7.514399357262481e-7 1.6518902350226285e-6 1.2262919778192647e-6 8.918084620631987e-7 1.4895057088072515e-6 3.6525557249102782e-6 1.2754863073826652e-6 7.366133084735679e-7 4.932549036114151e-7 2.259995778083563e-6 1.374130902619708e-6 2.402663304219461e-7 2.5591468431316784e-6 6.40091183647951e-7 1.4638483331334692e-7 5.126160020996751e-7 7.202638216898749e-7 5.330789176121963e-7 1.446241119134273e-6 9.746132734530937e-7 2.1276478717129047e-6 7.381982765137199e-8 6.313271792901847e-7 6.623407769064962e-7 1.946851810831764e-6 1.4302321323960164e-7 4.795429124836316e-7 1.4093336219648591e-7 3.3202146410421586e-7 4.0802963427210015e-7 9.387705268635129e-7 1.3073468999370013e-6 3.311590280676127e-7 4.5496751734133966e-7 1.5884230644111907e-7 1.296233663467429e-6 9.895252811835039e-7 4.180069115721624e-7 9.436329634812742e-7 1.6148468763435525e-7 6.260839278669121e-7 1.9122038378695907e-7 4.0338134172417145e-7 2.673617821367604e-6 9.680684797902277e-7 6.132236225041333e-7 1.1021280226978565e-6 9.412982532443107e-7 1.05777529066143e-6 4.005154649147244e-7 1.1407037685970736e-6 1.3956437049095132e-6 1.7048408704496464e-6 1.6955745915994808e-7 5.491571506763039e-7 4.218475362707421e-7 6.510802491999525e-7 7.186524932297185e-8 2.106076099511653e-6 1.2073161197893942e-7 1.7638689203248274e-7 7.641005003302035e-7 7.462235231525123e-7 1.018638506897139e-6 1.2065008859990963e-6 1.6441368763679219e-6 4.2207062292613555e-7 4.0642687697686035e-7 5.318087896710508e-7 2.341587711005152e-7}
espresso_flow_delta_negative 0.0
espresso_flow_delta_negative_2x 0.0
espresso_resistance {0.0 0.03 0.04 0.03 0.03 0.03 0.03 0.03 0.03 0.03 0.03 0.03 0.03 0.03 0.03 0.03 0.03 0.03 0.04 0.04 0.05 0.05 0.06 0.06 0.06 0.07 0.07 0.08 0.08 0.09 0.1 0.11 0.11 0.12 0.14 0.15 0.16 0.16 0.18 0.19 0.22 0.23 0.25 0.28 0.31 0.39 0.46 0.58 0.71 0.89 1.12 1.43 1.8 2.28 2.89 3.44 4.0 4.76 5.38 6.24 6.73 7.64 8.22 8.97 9.55 9.61 9.43 9.81 10.39 10.25 9.94 9.59 10.05 10.53 10.17 9.91 9.65 9.43 9.49 9.92 9.85 9.55 9.66 9.69 8.87 8.51 8.15 7.99 7.72 7.55 7.39 7.31 7.29 7.09 6.78 6.6 6.41 6.19 5.99 6.13 5.79 5.52 5.51 5.46 5.52 5.41 5.26 5.08 5.0 4.92 4.79 4.96 4.74 4.74 4.64 4.58 4.31 4.4 4.41 4.24 4.06 4.01 3.92 3.81 3.82 3.81 3.88 3.81 3.72 3.76 3.79 3.53 3.57 3.52 3.49 3.54 3.48 3.34 3.25 3.22 3.25 3.22 3.25 3.11 3.09 3.02 2.93 2.88 2.95 2.95 2.89 2.89 2.92 2.9 2.95 2.84 2.78 2.68 2.77 2.76 2.75 2.64 2.57 2.55 2.51 2.44 2.46 2.39 2.28 2.28 2.19 2.21 2.21 2.22 2.15 2.1 2.09}
espresso_resistance_weight {0.0 0.0 0.0 0.0 0.0 0.0 0.0 0.0 0.0 0.0 0.0 0.0 0.0 0.0 0.0 0.0 0.0 0.0 0.0 0.0 0.0 0.0 0.0 0.0 0.0 0.0 0.0 0.0 0.0 0.0 0.0 0.0 0.0 0.0 0.0 0.0 0.0 0.0 0.0 0.0 0.0 0.0 0.0 0.0 0.0 0.0 0.0 0.0 0.0 0.0 0.0 0.0 0.0 0.0 0.0 0.0 0.0 0.0 0.0 0.0 0.0 0.0 0.0 0.0 0.0 0.0 0.0 0.0 0.0 0.0 0.0 0.0 0.0 0.0 0.0 0.0 0.0 0.0 0.0 0.0 0.0 0.0 0.0 0.0 0.0 0.0 0.0 0.0 0.0 0.0 0.0 0.0 0.0 0.0 0.0 0.0 0.0 0.0 0.0 0.0 0.0 0.0 0.0 0.0 0.0 0.0 0.0 0.0 0.0 0.0 0.0 0.0 0.0 0.0 0.0 0.0 0.0 0.0 0.0 0.0 0.0 0.0 0.0 0.0 0.0 0.0 0.0 0.0 0.0 0.0 0.0 0.0 0.0 0.0 0.0 0.0 0.0 0.0 0.0 0.0 0.0 0.0 0.0 0.0 0.0 0.0 0.0 0.0 0.0 0.0 0.0 0.0 0.0 0.0 0.0 0.0 0.0 0.0 0.0 0.0 0.0 0.0 0.0 0.0 0.0 0.0 0.0 0.0 0.0 0.0 0.0 0.0 0.0 0.0 0.0 0.0 0.0}
espresso_state_change {0.0 10000000.0 10000000.0 10000000.0 10000000.0 10000000.0 10000000.0 10000000.0 10000000.0 10000000.0 10000000.0 10000000.0 10000000.0 10000000.0 10000000.0 10000000.0 10000000.0 10000000.0 10000000.0 10000000.0 10000000.0 10000000.0 10000000.0 10000000.0 10000000.0 10000000.0 10000000.0 10000000.0 10000000.0 10000000.0 10000000.0 10000000.0 10000000.0 10000000.0 10000000.0 10000000.0 10000000.0 10000000.0 10000000.0 10000000.0 10000000.0 10000000.0 10000000.0 -10000000.0 -10000000.0 -10000000.0 -10000000.0 -10000000.0 -10000000.0 -10000000.0 -10000000.0 -10000000.0 -10000000.0 -10000000.0 -10000000.0 -10000000.0 -10000000.0 -10000000.0 10000000.0 10000000.0 10000000.0 10000000.0 10000000.0 10000000.0 10000000.0 10000000.0 10000000.0 -10000000.0 -10000000.0 -10000000.0 -10000000.0 -10000000.0 -10000000.0 -10000000.0 -10000000.0 -10000000.0 -10000000.0 -10000000.0 -10000000.0 -10000000.0 -10000000.0 -10000000.0 10000000.0 10000000.0 10000000.0 10000000.0 10000000.0 10000000.0 10000000.0 10000000.0 10000000.0 10000000.0 10000000.0 10000000.0 10000000.0 10000000.0 10000000.0 10000000.0 10000000.0 10000000.0 10000000.0 10000000.0 10000000.0 10000000.0 10000000.0 10000000.0 10000000.0 10000000.0 10000000.0 10000000.0 10000000.0 10000000.0 10000000.0 10000000.0 10000000.0 10000000.0 10000000.0 10000000.0 10000000.0 10000000.0 10000000.0 10000000.0 10000000.0 10000000.0 10000000.0 10000000.0 10000000.0 10000000.0 10000000.0 10000000.0 10000000.0 10000000.0 10000000.0 10000000.0 10000000.0 10000000.0 10000000.0 10000000.0 10000000.0 10000000.0 10000000.0 10000000.0 10000000.0 10000000.0 10000000.0 10000000.0 10000000.0 10000000.0 10000000.0 10000000.0 10000000.0 10000000.0 10000000.0 10000000.0 10000000.0 10000000.0 10000000.0 10000000.0 10000000.0 10000000.0 10000000.0 10000000.0 10000000.0 10000000.0 10000000.0 10000000.0 10000000.0 10000000.0 10000000.0 10000000.0 10000000.0 10000000.0 10000000.0 10000000.0 10000000.0 10000000.0 10000000.0}
espresso_pressure_goal {-1.0 -1.0 -1.0 -1.0 -1.0 -1.0 -1.0 -1.0 -1.0 -1.0 -1.0 -1.0 -1.0 -1.0 -1.0 -1.0 -1.0 -1.0 -1.0 -1.0 -1.0 -1.0 -1.0 -1.0 -1.0 -1.0 -1.0 -1.0 -1.0 -1.0 -1.0 -1.0 -1.0 -1.0 -1.0 -1.0 -1.0 -1.0 -1.0 -1.0 -1.0 -1.0 -1.0 4.3125 5.5625 6.4375 7.0 7.3125 7.5625 7.75 7.8125 7.875 7.9375 8.0 8.0 8.0 8.0 8.0 7.9375 7.9375 8.0 8.0 8.0 8.0 8.0 8.0 8.0 8.1875 8.125 8.0625 8.0625 8.0625 8.0625 8.0625 8.0625 8.0625 8.0625 8.0625 8.0625 8.0625 8.0625 8.0625 8.0625 8.0625 8.0 8.0 8.0 8.0 8.0 8.0 7.9375 7.9375 7.9375 7.9375 7.9375 7.875 7.875 7.875 7.875 7.875 7.8125 7.8125 7.8125 7.8125 7.8125 7.75 7.75 7.75 7.75 7.75 7.6875 7.6875 7.6875 7.6875 7.6875 7.625 7.625 7.625 7.625 7.625 7.5625 7.5625 7.5625 7.5625 7.5625 7.5 7.5 7.5 7.5 7.5 7.4375 7.4375 7.4375 7.4375 7.4375 7.375 7.375 7.375 7.375 7.375 7.3125 7.3125 7.3125 7.3125 7.3125 7.25 7.25 7.25 7.25 7.25 7.1875 7.1875 7.1875 7.1875 7.1875 7.125 7.125 7.125 7.125 7.125 7.0625 7.0625 7.0625 7.0625 7.0625 7.0 7.0 7.0 7.0 7.0 6.9375 6.9375 6.9375 6.9375 6.9375 6.875 6.875}
espresso_flow_goal {-1.0 3.5 3.5 3.5 3.5 3.5 3.5 3.5 3.5 3.5 3.5 3.5 3.5 3.5 3.5 3.5 3.5 3.5 3.5 3.5 3.5 3.5 3.5 3.5 3.5 3.5 3.5 3.5 3.5 3.5 3.5 3.5 3.5 3.5 3.5 3.5 3.5 3.5 3.5 3.5 3.5 3.5 3.5 -1.0 -1.0 -1.0 -1.0 -1.0 -1.0 -1.0 -1.0 -1.0 -1.0 -1.0 -1.0 -1.0 -1.0 -1.0 -1.0 -1.0 -1.0 -1.0 -1.0 -1.0 -1.0 -1.0 -1.0 -1.0 -1.0 -1.0 -1.0 -1.0 -1.0 -1.0 -1.0 -1.0 -1.0 -1.0 -1.0 -1.0 -1.0 -1.0 -1.0 -1.0 -1.0 -1.0 -1.0 -1.0 -1.0 -1.0 -1.0 -1.0 -1.0 -1.0 -1.0 -1.0 -1.0 -1.0 -1.0 -1.0 -1.0 -1.0 -1.0 -1.0 -1.0 -1.0 -1.0 -1.0 -1.0 -1.0 -1.0 -1.0 -1.0 -1.0 -1.0 -1.0 -1.0 -1.0 -1.0 -1.0 -1.0 -1.0 -1.0 -1.0 -1.0 -1.0 -1.0 -1.0 -1.0 -1.0 -1.0 -1.0 -1.0 -1.0 -1.0 -1.0 -1.0 -1.0 -1.0 -1.0 -1.0 -1.0 -1.0 -1.0 -1.0 -1.0 -1.0 -1.0 -1.0 -1.0 -1.0 -1.0 -1.0 -1.0 -1.0 -1.0 -1.0 -1.0 -1.0 -1.0 -1.0 -1.0 -1.0 -1.0 -1.0 -1.0 -1.0 -1.0 -1.0 -1.0 -1.0 -1.0 -1.0 -1.0 -1.0 -1.0 -1.0}
espresso_temperature_goal {90.0 90.0 90.0 90.0 90.0 90.0 90.0 90.0 90.0 90.0 90.0 90.0 90.0 90.0 90.0 90.0 90.0 90.0 90.0 90.0 90.0 90.0 90.0 90.0 90.0 90.0 90.0 90.0 90.0 90.0 90.0 90.0 90.0 90.0 90.0 90.0 90.0 90.0 90.0 90.0 90.0 90.0 90.0 90.0 90.0 90.0 90.0 90.0 90.0 90.0 90.0 90.0 90.0 90.0 90.0 90.0 90.0 90.0 90.0 90.0 90.0 90.0 90.0 90.0 90.0 90.0 90.0 90.0 90.0 90.0 90.0 90.0 90.0 90.0 90.0 90.0 90.0 90.0 90.0 90.0 90.0 90.0 90.0 90.0 90.0 90.0 90.0 90.0 90.0 90.0 90.0 90.0 90.0 90.0 90.0 90.0 90.0 90.0 90.0 90.0 90.0 90.0 90.0 90.0 90.0 90.0 90.0 90.0 90.0 90.0 90.0 90.0 90.0 90.0 90.0 90.0 90.0 90.0 90.0 90.0 90.0 90.0 90.0 90.0 90.0 90.0 90.0 90.0 90.0 90.0 90.0 90.0 90.0 90.0 90.0 90.0 90.0 90.0 90.0 90.0 90.0 90.0 90.0 90.0 90.0 90.0 90.0 90.0 90.0 90.0 90.0 90.0 90.0 90.0 90.0 90.0 90.0 90.0 90.0 90.0 90.0 90.0 90.0 90.0 90.0 90.0 90.0 90.0 90.0 90.0 }

