clock 1748894402
espresso_elapsed {0.0 0.007 0.224 0.45 0.629 0.855 1.034 1.26 1.484 1.665 1.889 2.114 2.295 2.519 2.699 2.924 3.149 3.33 3.555 3.779 3.96 4.184 4.409 4.589 4.814 4.994 5.22 5.445 5.625 5.849 6.074 6.254 6.479 6.659 6.884 7.109 7.289 7.514 7.739 7.919 8.145 8.369 8.549 8.775 8.955 9.179 9.404 9.584 9.809 10.034 10.213 10.439 10.619 10.843 11.069 11.249 11.474 11.7 11.878 12.104 12.329 12.509 12.734 12.914 13.139 13.365 13.544 13.769 13.995 14.175 14.399 14.579 14.804 15.029 15.209 15.434 15.659 15.839 16.064 16.289 16.469 16.694 16.874 17.099 17.324 17.504 17.729 17.954 18.134 18.359 18.539 18.764 18.988 19.169 19.394 19.619 19.799 20.024 20.248 20.429 20.654 20.834 21.059 21.284 21.464 21.688 21.913 22.093 22.319 22.499 22.723 22.949 23.128 23.354 23.579 23.759 23.984 24.164 24.389 24.614 24.794 25.02 25.244 25.424 25.649 25.874 26.054 26.279 26.459 26.684 26.909 27.089 27.314 27.539 27.719 27.944 28.124 28.349 28.573 28.754 28.979 29.204 29.384 29.609 29.788 30.015 30.239 30.419 30.644 30.869 31.049 31.274 31.453 31.679 31.904 32.083}
espresso_pressure {0.0 0.32 0.34 0.48 0.48 0.33 0.58 0.65 0.54 0.63 0.52 0.54 0.52 0.54 0.58 0.61 0.61 0.58 0.56 0.6 0.6 0.53 0.54  0.53 0.46 0.5 0.55 0.66 0.65 0.64 0.7 0.63 0.63 0.65 0.77 0.79 0.84 0.93 1.01 1.05 1.19 1.4 1.47 1.62 1.89 2.16 2.5 2.9 3.37 3.87 4.59 4.97 5.25 5.66 6.05 6.41 6.73 7.0 7.21 7.38 7.52 7.65 7.7 7.89 7.83 7.87 7.93 7.89 7.94 7.93 7.92 7.95 7.96 8.01 7.97 7.97 7.96 8.01 7.98 7.94 7.98 8.01 7.97 8.04 8.0 7.94 7.98 7.99 7.95 7.93 7.89 7.9 7.87 7.86 7.8 7.8 7.78 7.81 7.75 7.73 7.78 7.75 7.67 7.75 7.71 7.67 7.71 7.66 7.67 7.67 7.66 7.61 7.59 7.57 7.61 7.61 7.47 7.55 7.57 7.6 7.49 7.53 7.54 7.48 7.51 7.51 7.42 7.44 7.42 7.44 7.42 7.41 7.44 7.39 7.32 7.4 7.34 7.3 7.28 7.2 7.2 7.19 7.18 7.13 7.15 7.12 7.0 7.02 7.05 7.0 6.96 6.94 6.97 6.89 6.92 6.86}
espresso_weight {0.0 0.0 0.0 0.0 0.0 0.0 0.0 0.0 0.0 0.0 0.0 0.0 0.0 0.0 0.0 0.0 0.0 0.0 0.0 0.0 0.0 0.0 0.0 0.0 0.0 0.0 0.0 0.0 0.0 0.0 0.0 0.0 0.0 0.0 0.0 0.0 0.0 0.0 0.0 0.0 0.0 0.0 0.0 0.0 0.0 0.0 0.0 0.0 0.0 0.0 0.0 0.0 0.0 0.0 0.0 0.0 0.0 0.0 0.0 0.0 0.0 0.0 0.0 0.0 0.0 0.0 0.0 0.0 0.0 0.0 0.0 0.0 0.0 0.0 0.0 0.0 0.0 0.0 0.0 0.0 0.0 0.0 0.0 0.0 0.0 0.0 0.0 0.0 0.0 0.0 0.0 0.0 0.0 0.0 0.0 0.0 0.0 0.0 0.0 0.0 0.0 0.0 0.0 0.0 0.0 0.0 0.0 0.0 0.0 0.0 0.0 0.0 0.0 0.0 0.0 0.0 0.0 0.0 0.0 0.0 0.0 0.0 0.0 0.0 0.0 0.0 0.0 0.0 0.0 0.0 0.0 0.0 0.0 0.0 0.0 0.0 0.0 0.0 0.0 0.0 0.0 0.0 0.0 0.0 0.0 0.0 0.0 0.0 0.0 0.0 0.0 0.0 0.0 0.0 0.0 0.0}
espresso_flow {0.0 3.98 3.83 3.69 3.75 3.63 3.58 3.53 3.52 3.56 3.55 3.52 3.56 3.54 3.52 3.57 3.54 3.56 3.51 3.48 3.5 3.52 3.49 3.45 3.49 3.51 3.5 3.52 3.49 3.51 3.52 3.5 3.54 3.5 3.53 3.48 3.48 3.49 3.51 3.46 3.5 3.47 3.5 3.42 3.39 3.42 3.39 3.36 3.35 3.31 3.11 2.84 2.64 2.48 2.35 2.21 2.07 1.93 1.81 1.72 1.66 1.56 1.51 1.43 1.38 1.34 1.31 1.31 1.31 1.29 1.28 1.28 1.27 1.25 1.23 1.26 1.32 1.32 1.35 1.38 1.42 1.41 1.45 1.41 1.42 1.47 1.47 1.47 1.48 1.48 1.52 1.52 1.52 1.54 1.56 1.57 1.6 1.59 1.61 1.63 1.62 1.63 1.67 1.66 1.68 1.72 1.73 1.77 1.78 1.77 1.79 1.81 1.83 1.83 1.83 1.83 1.87 1.87 1.88 1.86 1.92 1.92 1.94 1.92 1.92 1.91 1.94 1.95 1.98 1.97 1.99 2.0 2.04 2.03 2.05 2.07 2.09 2.1 2.08 2.1 2.09 2.13 2.14 2.17 2.13 2.11 2.1 2.15 2.15 2.14 2.15 2.18 2.2 2.19 2.19 2.19}
espresso_flow_weight {0.0 0.0 0.0 0.0 0.0 0.0 0.0 0.0 0.0 0.0 0.0 0.0 0.0 0.0 0.0 0.0 0.0 0.0 0.0 0.0 0.0 0.0 0.0 0.0 0.0 0.0 0.0 0.0 0.0 0.0 0.0 0.0 0.0 0.0 0.0 0.0 0.0 0.0 0.0 0.0 0.0 0.0 0.0 0.0 0.0 0.0 0.0 0.0 0.0 0.0 0.0 0.0 0.0 0.0 0.0 0.0 0.0 0.0 0.0 0.0 0.0 0.0 0.0 0.0 0.0 0.0 0.0 0.0 0.0 0.0 0.0 0.0 0.0 0.0 0.0 0.0 0.0 0.0 0.0 0.0 0.0 0.0 0.0 0.0 0.0 0.0 0.0 0.0 0.0 0.0 0.0 0.0 0.0 0.0 0.0 0.0 0.0 0.0 0.0 0.0 0.0 0.0 0.0 0.0 0.0 0.0 0.0 0.0 0.0 0.0 0.0 0.0 0.0 0.0 0.0 0.0 0.0 0.0 0.0 0.0 0.0 0.0 0.0 0.0 0.0 0.0 0.0 0.0 0.0 0.0 0.0 0.0 0.0 0.0 0.0 0.0 0.0 0.0 0.0 0.0 0.0 0.0 0.0 0.0 0.0 0.0 0.0 0.0 0.0 0.0 0.0 0.0 0.0 0.0 0.0 0.0}
espresso_flow_weight_raw {0.0 0.0 0.0 0.0 0.0 0.0 0.0 0.0 0.0 0.0 0.0 0.0 0.0 0.0 0.0 0.0 0.0 0.0 0.0 0.0 0.0 0.0 0.0 0.0 0.0 0.0 0.0 0.0 0.0 0.0 0.0 0.0 0.0 0.0 0.0 0.0 0.0 0.0 0.0 0.0 0.0 0.0 0.0 0.0 0.0 0.0 0.0 0.0 0.0 0.0 0.0 0.0 0.0 0.0 0.0 0.0 0.0 0.0 0.0 0.0 0.0 0.0 0.0 0.0 0.0 0.0 0.0 0.0 0.0 0.0 0.0 0.0 0.0 0.0 0.0 0.0 0.0 0.0 0.0 0.0 0.0 0.0 0.0 0.0 0.0 0.0 0.0 0.0 0.0 0.0 0.0 0.0 0.0 0.0 0.0 0.0 0.0 0.0 0.0 0.0 0.0 0.0 0.0 0.0 0.0 0.0 0.0 0.0 0.0 0.0 0.0 0.0 0.0 0.0 0.0 0.0 0.0 0.0 0.0 0.0 0.0 0.0 0.0 0.0 0.0 0.0 0.0 0.0 0.0 0.0 0.0 0.0 0.0 0.0 0.0 0.0 0.0 0.0 0.0 0.0 0.0 0.0 0.0 0.0 0.0 0.0 0.0 0.0 0.0 0.0 0.0 0.0 0.0 0.0 0.0 0.0}
espresso_temperature_basket {90.0 76.65 76.78 76.89 76.9 76.85 76.94 76.99 76.96 77.02 76.98 76.96 77.05 77.06 77.2 77.35 77.49 77.56 77.62 77.68 77.78 77.82 77.88 77.96 78.28 78.59 78.97 79.35 79.78 80.04 80.32 80.62 80.97 81.36 81.76 82.23 82.79 83.37 83.99 84.49 84.89 85.23 85.66 86.02 86.43 86.76 87.06 87.36 87.63 87.96 88.23 88.45 88.8 88.95 89.18 89.41 89.6 89.73 89.85 90.04 90.13 90.27 90.42 90.48 90.59 90.61 90.58 90.65 90.66 90.73 90.72 90.8 90.87 90.79 90.83 90.87 90.81 90.86 90.87 90.86 90.83 90.84 90.79 90.77 90.78 90.8 90.74 90.81 90.83 90.74 90.71 90.7 90.66 90.65 90.66 90.61 90.61 90.66 90.59 90.57 90.61 90.6 90.56 90.64 90.6 90.57 90.62 90.56 90.5 90.56 90.6 90.58 90.64 90.65 90.68 90.62 90.66 90.64 90.71 90.66 90.64 90.6 90.61 90.65 90.7 90.64 90.67 90.61 90.64 90.69 90.62 90.61 90.69 90.66 90.62 90.68 90.65 90.57 90.57 90.62 90.6 90.52 90.55 90.59 90.5 90.46 90.51 90.44 90.48 90.52 90.5 90.49 90.42 90.41 90.39 90.43}
espresso_temperature_mix {90.0 87.03 86.45 83.57 82.55 82.87 83.9 85.12 86.15 87.29 88.46 89.41 90.17 91.06 91.63 92.2 92.59 92.93 93.27 93.43 93.64 93.77 93.88 93.98 94.21 94.25 94.31 94.31 94.59 94.72 94.65 94.72 94.75 94.89 94.79 94.82 94.82 94.82 94.62 94.62 94.55 94.41 94.55 94.38 94.38 94.41 94.28 94.35 94.04 94.11 93.91 93.91 93.7 93.7 93.5 93.23 93.03 92.96 92.7 92.56 92.33 92.26 92.09 91.93 91.73 91.56 91.46 91.5 91.2 91.33 91.1 91.13 91.1 91.0 90.9 90.77 90.63 90.66 90.66 90.66 90.53 90.57 90.53 90.5 90.43 90.57 90.5 90.6 90.6 90.63 90.7 90.77 90.77 90.73 90.77 90.77 90.8 90.7 90.77 90.8 90.66 90.8 90.77 90.66 90.7 90.77 90.77 90.7 90.7 90.77 90.86 90.77 90.86 90.8 90.77 90.83 90.93 90.93 90.9 90.96 91.0 90.96 90.77 90.8 90.9 90.77 90.73 90.66 90.7 90.66 90.53 90.6 90.46 90.5 90.57 90.43 90.43 90.4 90.43 90.34 90.4 90.27 90.3 90.27 90.4 90.27 90.23 90.27 90.34 90.3 90.23 90.14 90.3 90.17 90.17 90.07}
espresso_water_dispensed {0.0 0.08294169108072919 0.16263326009114587 0.23941548665364587 0.31751505533854174 0.3931172688802084 0.4676259358723959 0.5412343343098959 0.6145121256510417 0.6886749267578125 0.7625478108723959 0.8359781901041666 0.9100494384765625 0.9837137858072916 1.0569508870442708 1.1313629150390623 1.20501708984375 1.2792867024739583 1.3524169921875 1.4249064127604165 1.4978383382161455 1.571187337239583 1.643880208333333 1.7157847086588536 1.7885080973307286 1.8616790771484368 1.934544881184895 2.0079345703124996 2.0806783040364576 2.1537679036458326 2.2270507812499996 2.3000691731770826 2.373855590820312 2.446762084960937 2.5202941894531246 2.592870076497395 2.6653137207031246 2.73792012532552 2.8110605875651036 2.8832346598307286 2.956217447916666 3.02850850423177 3.1013793945312496 3.172526041666666 3.243052164713541 3.3143056233723946 3.3848927815755196 3.454849243164061 3.524551391601561 3.593587239583332 3.658467610677082 3.717727661132811 3.77271525065104 3.8243052164713527 3.873280843098957 3.919270833333332 3.9624888102213527 4.002665201822915 4.040435791015624 4.07623799641927 4.110834757486978 4.143280029296874 4.174641927083331 4.204533894856769 4.233189900716144 4.261138916015624 4.288431803385415 4.315811157226562 4.343114217122394 4.370040893554687 4.396759033203124 4.423517862955728 4.450057983398437 4.47602335611979 4.501561482747394 4.527908325195312 4.555409749348956 4.582911173502603 4.611083984374999 4.639795939127603 4.669291178385415 4.69867960611979 4.728836059570312 4.758204142252603 4.787846883138019 4.818394978841145 4.849105834960937 4.879760742187499 4.910669962565103 4.941589355468749 4.973175048828124 5.004923502604165 5.036605834960937 5.068684895833332 5.101089477539062 5.13373819986979 5.167170206705728 5.200230916341145 5.233683268229165 5.267639160156249 5.301442464192707 5.335347493489582 5.370178222656249 5.40466817220052 5.439636230468749 5.475509643554687 5.51147969563802 5.548446655273437 5.585500081380207 5.622350056966145 5.659586588541664 5.697260538736977 5.735402425130207 5.773437499999999 5.811609903971353 5.849746704101562 5.888610839843749 5.92755635579427 5.966791788736977 6.005447387695311 6.045491536458332 6.085586547851561 6.125905354817707 6.165913899739582 6.20593770345052 6.245747884114582 6.286209106445311 6.326838175455727 6.36816914876302 6.409133911132812 6.450520833333332 6.492228190104164 6.53468322753906 6.577026367187497 6.619710286458332 6.662821451822914 6.70631408691406 6.750132242838539 6.793477376302082 6.837142944335935 6.880757649739582 6.925099690755207 6.969584147135414 7.014709472656247 7.05915832519531 7.103174845377602 7.146993001302082 7.191711425781247 7.236557006835935 7.281239827473957 7.326085408528645 7.371500651041664 7.417246500651039 7.46290588378906 7.508448282877602 7.554061889648435}
espresso_pressure_delta {0.0 0.01611328125 6.539481026785714e-5 0.0003206380208333333 1.164422694753577e-6 0.00017332556652046782 0.00023634890292553192 5.560980902777778e-5 6.991897953167116e-5 5.322705518018018e-5 5.945192562202224e-5 1.1317777317880795e-5 9.89328022875817e-6 8.141251488685986e-6 1.2935201695072249e-5 9.68546939124487e-6 2.3258871864083837e-6 1.1290587462462462e-5 5.287996659634318e-6 1.2145656919820058e-5 1.1097301136363636e-6 1.7038494861376674e-5 3.3223945339079157e-6 1.5428368108520374e-6 1.4504407717075197e-5 6.404169378253905e-6 1.0897464679118774e-5 1.959402261248852e-5 2.34375e-6 1.3356984099846127e-6 9.56626090714521e-6 1.1398954669011832e-5 1.318864311622164e-6 2.383111672172999e-6 1.7200494352847183e-5 3.468589551976368e-6 6.129473778982028e-6 1.2444218708410967e-5 9.653318419692466e-6 5.8268188060361155e-6 1.7475013428483732e-5 2.479621594575218e-5 7.482143379342613e-6 1.7555867165242164e-5 3.0343776172529312e-5 2.9018130719577296e-5 3.631994197947682e-5 4.1522247365400664e-5 4.793708265368539e-5 5.039019676848714e-5 7.006522783462253e-5 3.667137656863684e-5 2.6301617383934457e-5 3.762418005856313e-5 3.511354910109314e-5 3.2359647246421904e-5 2.791637615478473e-5 2.3078592414529916e-5 1.7655901403855867e-5 1.3998148855750165e-5 1.114860668951253e-5 1.0090391168358782e-5 4.505500775482959e-6 1.4197739613984823e-5 4.273715179998478e-6 2.9044788159371494e-6 4.7407696673803895e-6 3.1384189574406273e-6 3.31452081100393e-6 3.2724316578483246e-7 8.477693763455795e-7 1.8588112610604294e-6 1.2038817633747636e-6 2.7453433778029143e-6 2.4399615359326716e-6 2.0563872780873398e-7 1.2472859058688295e-7 3.175261616895006e-6 1.8237596489043825e-6 2.5329833399840384e-6 2.253286477624628e-6 2.0474234755001795e-6 2.503041846924262e-6 3.869355481314697e-6 2.198449405449088e-6 3.1661289919446983e-6 1.969209170003948e-6 7.614946530021165e-7 2.181029075217823e-6 1.0239570850808867e-6 2.2123968390959598e-6 2.862446040289917e-7 1.4529118719717717e-6 6.622835046168293e-7 2.782050021913994e-6 2.4888182374229064e-7 8.631670160109096e-7 1.2558172380643228e-6 2.9782069525385223e-6 1.0755620074404034e-6 2.7896382056744457e-6 1.6991643767399444e-6 3.767781144641246e-6 3.854127513625259e-6 1.9222775635948567e-6 1.6885417627259315e-6 1.6823453828777439e-6 2.077510410537274e-6 4.92241055826874e-7 3.146841248499933e-7 4.4051250385072394e-7 2.0319342618414748e-6 1.0767184257177448e-6 5.958728965059519e-7 1.4288734149030918e-6 2.6716849404436215e-7 5.954897666152435e-6 3.2331153782486343e-6 8.708940249702735e-7 1.2795214359713985e-6 4.381809233080584e-6 1.5222197242206235e-6 4.835616879258438e-7 2.6311568301604782e-6 1.2850007553900738e-6 9.435751140140681e-8 3.289067297727796e-6 6.317425510864189e-7 6.643533391284629e-7 6.953488045270574e-7 9.163552389535099e-7 4.3260179408616045e-7 1.3854359257157501e-6 1.8705716211554524e-6 2.4309250874851186e-6 2.7608229852562268e-6 2.031322224790215e-6 1.446810293132033e-6 8.971674526651035e-7 2.750975951172011e-6 8.42474291728493e-9 2.424352186344336e-7 3.3234498366457934e-7 1.6985703249012124e-6 6.638710428696119e-7 1.1631554014659336e-6 3.851155068785343e-6 6.902295851277162e-7 1.067577462145934e-6 1.7557814879004827e-6 1.4389427799607073e-6 6.401333775660293e-7 9.54735537945506e-7 2.527798383787367e-6 1.2090715505892678e-6 2.1459232693326685e-6}
espresso_flow_delta_negative 0.0
espresso_flow_delta_negative_2x 0.0
espresso_resistance {0.0 0.02 0.02 0.04 0.03 0.03 0.05 0.05 0.04 0.05 0.04 0.04 0.04 0.04 0.05 0.05 0.05 0.05 0.05 0.05 0.05 0.04 0.04 0.04 0.04 0.04 0.05 0.05 0.05 0.05 0.06 0.05 0.05 0.05 0.06 0.07 0.07 0.08 0.08 0.09 0.1 0.12 0.12 0.14 0.17 0.18 0.22 0.26 0.3 0.35 0.47 0.61 0.75 0.92 1.09 1.32 1.56 1.88 2.19 2.5 2.73 3.15 3.4 3.83 4.14 4.37 4.62 4.57 4.62 4.75 4.81 4.82 4.91 5.15 5.3 4.98 4.57 4.6 4.37 4.18 3.98 4.03 3.8 4.05 3.95 3.7 3.67 3.69 3.61 3.6 3.43 3.4 3.4 3.31 3.23 3.18 3.02 3.1 3.0 2.91 2.96 2.93 2.74 2.83 2.74 2.59 2.59 2.43 2.43 2.45 2.4 2.33 2.26 2.27 2.27 2.27 2.15 2.16 2.13 2.21 2.03 2.03 2.01 2.03 2.03 2.06 1.97 1.96 1.89 1.92 1.88 1.85 1.79 1.79 1.74 1.73 1.69 1.65 1.68 1.64 1.64 1.59 1.58 1.52 1.57 1.59 1.58 1.52 1.52 1.52 1.5 1.46 1.44 1.43 1.45 1.43}
espresso_resistance_weight {0.0 0.0 0.0 0.0 0.0 0.0 0.0 0.0 0.0 0.0 0.0 0.0 0.0 0.0 0.0 0.0 0.0 0.0 0.0 0.0 0.0 0.0 0.0 0.0 0.0 0.0 0.0 0.0 0.0 0.0 0.0 0.0 0.0 0.0 0.0 0.0 0.0 0.0 0.0 0.0 0.0 0.0 0.0 0.0 0.0 0.0 0.0 0.0 0.0 0.0 0.0 0.0 0.0 0.0 0.0 0.0 0.0 0.0 0.0 0.0 0.0 0.0 0.0 0.0 0.0 0.0 0.0 0.0 0.0 0.0 0.0 0.0 0.0 0.0 0.0 0.0 0.0 0.0 0.0 0.0 0.0 0.0 0.0 0.0 0.0 0.0 0.0 0.0 0.0 0.0 0.0 0.0 0.0 0.0 0.0 0.0 0.0 0.0 0.0 0.0 0.0 0.0 0.0 0.0 0.0 0.0 0.0 0.0 0.0 0.0 0.0 0.0 0.0 0.0 0.0 0.0 0.0 0.0 0.0 0.0 0.0 0.0 0.0 0.0 0.0 0.0 0.0 0.0 0.0 0.0 0.0 0.0 0.0 0.0 0.0 0.0 0.0 0.0 0.0 0.0 0.0 0.0 0.0 0.0 0.0 0.0 0.0 0.0 0.0 0.0 0.0 0.0 0.0 0.0 0.0 0.0}
espresso_state_change {0.0 10000000.0 10000000.0 10000000.0 10000000.0 10000000.0 10000000.0 10000000.0 10000000.0 10000000.0 10000000.0 10000000.0 10000000.0 10000000.0 10000000.0 10000000.0 10000000.0 10000000.0 10000000.0 10000000.0 10000000.0 10000000.0 10000000.0 10000000.0 10000000.0 10000000.0 10000000.0 10000000.0 10000000.0 10000000.0 10000000.0 10000000.0 10000000.0 10000000.0 10000000.0 10000000.0 10000000.0 10000000.0 10000000.0 10000000.0 10000000.0 10000000.0 10000000.0 10000000.0 10000000.0 10000000.0 10000000.0 10000000.0 10000000.0 -10000000.0 -10000000.0 -10000000.0 -10000000.0 -10000000.0 -10000000.0 -10000000.0 -10000000.0 -10000000.0 -10000000.0 -10000000.0 -10000000.0 -10000000.0 -10000000.0 10000000.0 10000000.0 10000000.0 10000000.0 10000000.0 10000000.0 10000000.0 10000000.0 10000000.0 10000000.0 -10000000.0 -10000000.0 -10000000.0 -10000000.0 -10000000.0 -10000000.0 -10000000.0 -10000000.0 -10000000.0 -10000000.0 -10000000.0 -10000000.0 -10000000.0 -10000000.0 10000000.0 10000000.0 10000000.0 10000000.0 10000000.0 10000000.0 10000000.0 10000000.0 10000000.0 10000000.0 10000000.0 10000000.0 10000000.0 10000000.0 10000000.0 10000000.0 10000000.0 10000000.0 10000000.0 10000000.0 10000000.0 10000000.0 10000000.0 10000000.0 10000000.0 10000000.0 10000000.0 10000000.0 10000000.0 10000000.0 10000000.0 10000000.0 10000000.0 10000000.0 10000000.0 10000000.0 10000000.0 10000000.0 10000000.0 10000000.0 10000000.0 10000000.0 10000000.0 10000000.0 10000000.0 10000000.0 10000000.0 10000000.0 10000000.0 10000000.0 10000000.0 10000000.0 10000000.0 10000000.0 10000000.0 10000000.0 10000000.0 10000000.0 10000000.0 10000000.0 10000000.0 10000000.0 10000000.0 10000000.0 10000000.0 10000000.0 10000000.0 10000000.0 10000000.0}
espresso_pressure_goal {-1.0 -1.0 -1.0 -1.0 -1.0 -1.0 -1.0 -1.0 -1.0 -1.0 -1.0 -1.0 -1.0 -1.0 -1.0 -1.0 -1.0 -1.0 -1.0 -1.0 -1.0 -1.0 -1.0 -1.0 -1.0 -1.0 -1.0 -1.0 -1.0 -1.0 -1.0 -1.0 -1.0 -1.0 -1.0 -1.0 -1.0 -1.0 -1.0 -1.0 -1.0 -1.0 -1.0 -1.0 -1.0 -1.0 -1.0 -1.0 -1.0 5.1875 6.1875 6.8125 7.25 7.5 7.6875 7.8125 7.875 7.9375 7.9375 8.0 8.0 8.0 8.0 8.0 8.0 8.0 8.0 8.0 8.0 8.0 8.0 8.0 8.0 8.0625 8.0625 8.0625 8.0625 8.0625 8.0625 8.0625 8.0625 8.0625 8.0625 8.0625 8.0625 8.0625 8.0625 7.8125 7.8125 7.8125 7.8125 7.8125 7.8125 7.8125 7.75 7.75 7.75 7.75 7.75 7.75 7.6875 7.6875 7.6875 7.6875 7.6875 7.6875 7.625 7.625 7.625 7.625 7.625 7.625 7.5625 7.5625 7.5625 7.5625 7.5625 7.5625 7.5 7.5 7.5 7.5 7.5 7.5 7.4375 7.4375 7.4375 7.4375 7.4375 7.4375 7.375 7.375 7.375 7.375 7.375 7.375 7.3125 7.3125 7.3125 7.3125 7.3125 7.3125 7.25 7.25 7.25 7.25 7.25 7.25 7.1875 7.1875 7.1875 7.1875 7.1875 7.1875 7.125 7.125}
espresso_flow_goal {-1.0 3.5 3.5 3.5 3.5 3.5 3.5 3.5 3.5 3.5 3.5 3.5 3.5 3.5 3.5 3.5 3.5 3.5 3.5 3.5 3.5 3.5 3.5 3.5 3.5 3.5 3.5 3.5 3.5 3.5 3.5 3.5 3.5 3.5 3.5 3.5 3.5 3.5 3.5 3.5 3.5 3.5 3.5 3.5 3.5 3.5 3.5 3.5 3.5 -1.0 -1.0 -1.0 -1.0 -1.0 -1.0 -1.0 -1.0 -1.0 -1.0 -1.0 -1.0 -1.0 -1.0 -1.0 -1.0 -1.0 -1.0 -1.0 -1.0 -1.0 -1.0 -1.0 -1.0 -1.0 -1.0 -1.0 -1.0 -1.0 -1.0 -1.0 -1.0 -1.0 -1.0 -1.0 -1.0 -1.0 -1.0 -1.0 -1.0 -1.0 -1.0 -1.0 -1.0 -1.0 -1.0 -1.0 -1.0 -1.0 -1.0 -1.0 -1.0 -1.0 -1.0 -1.0 -1.0 -1.0 -1.0 -1.0 -1.0 -1.0 -1.0 -1.0 -1.0 -1.0 -1.0 -1.0 -1.0 -1.0 -1.0 -1.0 -1.0 -1.0 -1.0 -1.0 -1.0 -1.0 -1.0 -1.0 -1.0 -1.0 -1.0 -1.0 -1.0 -1.0 -1.0 -1.0 -1.0 -1.0 -1.0 -1.0 -1.0 -1.0 -1.0 -1.0 -1.0 -1.0 -1.0 -1.0 -1.0 -1.0 -1.0 -1.0 -1.0 -1.0 -1.0 -1.0}
espresso_temperature_goal {90.0 90.0 90.0 90.0 90.0 90.0 90.0 90.0 90.0 90.0 90.0 90.0 90.0 90.0 90.0 90.0 90.0 90.0 90.0 90.0 90.0 90.0 90.0 90.0 90.0 90.0 90.0 90.0 90.0 90.0 90.0 90.0 90.0 90.0 90.0 90.0 90.0 90.0 90.0 90.0 90.0 90.0 90.0 90.0 90.0 90.0 90.0 90.0 90.0 90.0 90.0 90.0 90.0 90.0 90.0 90.0 90.0 90.0 90.0 90.0 90.0 90.0 90.0 90.0 90.0 90.0 90.0 90.0 90.0 90.0 90.0 90.0 90.0 90.0 90.0 90.0 90.0 90.0 90.0 90.0 90.0 90.0 90.0 90.0 90.0 90.0 90.0 90.0 90.0 90.0 90.0 90.0 90.0 90.0 90.0 90.0 90.0 90.0 90.0 90.0 90.0 90.0 90.0 90.0 90.0 90.0 90.0 90.0 90.0 90.0 90.0 90.0 90.0 90.0 90.0 90.0 90.0 90.0 90.0 90.0 90.0 90.0 90.0 90.0 90.0 90.0 90.0 90.0 90.0 90.0 90.0 }

