espresso_elapsed {0.0 0.044 0.223 0.448 0.673 0.854 1.078 1.26 1.483 1.708 1.889 2.113 2.339 2.518 2.743 2.922 3.148 3.373 3.554 3.778 4.003 4.184 4.408 4.588 4.814 5.038 5.219 5.443 5.669 5.849 6.074 6.298 6.478 6.704 6.883 7.108 7.333 7.513 7.739 7.964 8.143 8.369 8.548 8.773 8.999 9.179 9.403 9.628 9.808 10.034 10.213 10.438 10.664 10.843 11.068 11.293 11.474 11.698 11.878 12.104 12.328 12.509 12.734 12.958 13.138 13.363 13.588 13.768 13.993 14.173 14.398 14.623 14.803 15.028 15.253 15.433 15.659 15.838 16.063 16.288 16.468 16.693 16.918 17.098 17.323 17.503 17.728 17.953 18.133 18.359 18.584 18.764 18.988 19.168 19.393 19.618 19.798 20.024 20.248 20.428 20.653 20.833 21.058 21.283 21.463 21.688 21.914 22.093 22.319 22.543 22.724 22.948 23.173 23.353 23.578 23.759 23.984 24.209 24.388 24.613 24.837 25.018 25.243 25.423 25.648 25.872 26.053 26.278 26.503 26.682 26.907 27.087 27.313 27.538 27.717 27.944 28.168 28.348 28.574 28.753 28.978 29.203 29.383 29.609 29.833 30.014 30.238 30.418 30.643 30.868 31.048 31.273 31.498 31.678 31.903 32.083 32.308 32.533 32.713 32.938 33.163 33.342 33.568 33.748 33.973 34.198 34.378 34.603 34.828 35.008 35.233 35.413 35.638 35.863 36.043 36.268 36.493 36.677 36.898 37.122 37.303 37.528 37.707 37.933 38.158 38.338 38.563 38.787 38.968 39.193 39.373 39.598}
espresso_pressure {0.0 0.29 0.4 0.41 0.57 0.65 0.59 0.62 0.68 0.7 0.68 0.61 0.59 0.57 0.66 0.57 0.47 0.48 0.47 0.51 0.48 0.43 0.38 0.42 0.48 0.48 0.5 0.65 0.65 0.68 0.8 0.85 0.96 1.02 1.09 1.24 1.22 1.31 1.5 1.65 1.73 1.92 2.13 2.29 2.5 2.7 3.06 3.42 3.92 4.67 5.05 5.43 5.86 6.25 6.58 6.92 7.18 7.34 7.55 7.64 7.75 7.83 7.92 7.88 7.92 7.92 7.93 7.99 7.88 7.98 7.9 8.03 7.98 7.98 7.98 7.94 8.02 7.95 7.98 7.96 8.0 7.98 8.0 8.0 8.05 7.96 8.0 8.02 7.94 7.93 7.86 7.88 7.8 7.79 7.8 7.76 7.74 7.71 7.74 7.7 7.73 7.67 7.7 7.72 7.62 7.65 7.68 7.66 7.6 7.58 7.62 7.63 7.6 7.58 7.61 7.51 7.55 7.54 7.53 7.55 7.52 7.51 7.46 7.47 7.49 7.49 7.45 7.45 7.39 7.44 7.37 7.4 7.44 7.35 7.35 7.34 7.33 7.35 7.34 7.3 7.31 7.32 7.27 7.3 7.25 7.26 7.21 7.27 7.23 7.21 7.21 7.2 7.21 7.18 7.1 7.19 7.1 7.14 7.14 7.07 7.11 7.08 7.12 7.04 7.08 7.06 7.02 7.03 7.0 7.0 7.03 6.98 6.95 6.98 6.95 6.98 6.91 6.94 6.92 6.87 6.93 6.89 6.88 6.86 6.82 6.82 6.83 6.77 6.86 6.82 6.8 6.77}
espresso_weight {0.0 0.0 0.0 0.0 0.0 0.0 0.0 0.0 0.0 0.0 0.0 0.0 0.0 0.0 0.0 0.0 0.0 0.0 0.0 0.0 0.0 0.0 0.0 0.0 0.0 0.0 0.0 0.0 0.0 0.0 0.0 0.0 0.0 0.0 0.0 0.0 0.0 0.0 0.0 0.0 0.0 0.0 0.0 0.0 0.0 0.0 0.0 0.0 0.0 0.0 0.0 0.0 0.0 0.0 0.0 0.0 0.0 0.0 0.0 0.0 0.0 0.0 0.0 0.0 0.0 0.0 0.0 0.0 0.0 0.0 0.0 0.0 0.0 0.0 0.0 0.0 0.0 0.0 0.0 0.0 0.0 0.0 0.0 0.0 0.0 0.0 0.0 0.0 0.0 0.0 0.0 0.0 0.0 0.0 0.0 0.0 0.0 0.0 0.0 0.0 0.0 0.0 0.0 0.0 0.0 0.0 0.0 0.0 0.0 0.0 0.0 0.0 0.0 0.0 0.0 0.0 0.0 0.0 0.0 0.0 0.0 0.0 0.0 0.0 0.0 0.0 0.0 0.0 0.0 0.0 0.0 0.0 0.0 0.0 0.0 0.0 0.0 0.0 0.0 0.0 0.0 0.0 0.0 0.0 0.0 0.0 0.0 0.0 0.0 0.0 0.0 0.0 0.0 0.0 0.0 0.0 0.0 0.0 0.0 0.0 0.0 0.0 0.0 0.0 0.0 0.0 0.0 0.0 0.0 0.0 0.0 0.0 0.0 0.0 0.0 0.0 0.0 0.0 0.0 0.0 0.0 0.0 0.0 0.0 0.0 0.0 0.0 0.0 0.0 0.0 0.0 0.0}
espresso_flow {0.0 3.87 3.82 3.7 3.73 3.57 3.62 3.57 3.57 3.51 3.52 3.56 3.52 3.52 3.51 3.53 3.52 3.55 3.52 3.49 3.5 3.54 3.49 3.47 3.5 3.52 3.52 3.51 3.47 3.46 3.49 3.49 3.5 3.52 3.48 3.46 3.47 3.49 3.46 3.45 3.5 3.44 3.46 3.48 3.46 3.46 3.47 3.41 3.43 3.25 3.03 2.8 2.6 2.36 2.16 1.98 1.78 1.62 1.44 1.34 1.27 1.2 1.07 1.04 1.0 0.93 0.92 0.84 0.87 0.84 0.85 0.81 0.82 0.82 0.8 0.86 0.81 0.85 0.86 0.84 0.86 0.88 0.88 0.88 0.86 0.9 0.89 0.91 0.92 0.87 0.9 0.92 0.94 0.92 0.91 0.94 0.96 1.0 0.99 1.02 1.03 1.05 1.06 1.06 1.07 1.08 1.05 1.04 1.08 1.12 1.12 1.1 1.12 1.1 1.07 1.08 1.09 1.12 1.12 1.11 1.13 1.15 1.14 1.13 1.16 1.17 1.18 1.19 1.21 1.18 1.2 1.2 1.2 1.21 1.23 1.25 1.28 1.26 1.28 1.29 1.3 1.26 1.28 1.27 1.27 1.29 1.3 1.3 1.31 1.31 1.3 1.31 1.3 1.29 1.31 1.3 1.33 1.33 1.33 1.37 1.37 1.38 1.37 1.37 1.36 1.37 1.4 1.41 1.43 1.45 1.43 1.42 1.43 1.43 1.44 1.43 1.4 1.41 1.41 1.44 1.46 1.45 1.45 1.44 1.49 1.49 1.47 1.51 1.53 1.52 1.52 1.53}
espresso_flow_weight {0.0 0.0 0.0 0.0 0.0 0.0 0.0 0.0 0.0 0.0 0.0 0.0 0.0 0.0 0.0 0.0 0.0 0.0 0.0 0.0 0.0 0.0 0.0 0.0 0.0 0.0 0.0 0.0 0.0 0.0 0.0 0.0 0.0 0.0 0.0 0.0 0.0 0.0 0.0 0.0 0.0 0.0 0.0 0.0 0.0 0.0 0.0 0.0 0.0 0.0 0.0 0.0 0.0 0.0 0.0 0.0 0.0 0.0 0.0 0.0 0.0 0.0 0.0 0.0 0.0 0.0 0.0 0.0 0.0 0.0 0.0 0.0 0.0 0.0 0.0 0.0 0.0 0.0 0.0 0.0 0.0 0.0 0.0 0.0 0.0 0.0 0.0 0.0 0.0 0.0 0.0 0.0 0.0 0.0 0.0 0.0 0.0 0.0 0.0 0.0 0.0 0.0 0.0 0.0 0.0 0.0 0.0 0.0 0.0 0.0 0.0 0.0 0.0 0.0 0.0 0.0 0.0 0.0 0.0 0.0 0.0 0.0 0.0 0.0 0.0 0.0 0.0 0.0 0.0 0.0 0.0 0.0 0.0 0.0 0.0 0.0 0.0 0.0 0.0 0.0 0.0 0.0 0.0 0.0 0.0 0.0 0.0 0.0 0.0 0.0 0.0 0.0 0.0 0.0 0.0 0.0 0.0 0.0 0.0 0.0 0.0 0.0 0.0 0.0 0.0 0.0 0.0 0.0 0.0 0.0 0.0 0.0 0.0 0.0 0.0 0.0 0.0 0.0 0.0 0.0 0.0 0.0 0.0 0.0 0.0 0.0 0.0 0.0 0.0 0.0 0.0 0.0}
espresso_flow_weight_raw {0.0 0.0 0.0 0.0 0.0 0.0 0.0 0.0 0.0 0.0 0.0 0.0 0.0 0.0 0.0 0.0 0.0 0.0 0.0 0.0 0.0 0.0 0.0 0.0 0.0 0.0 0.0 0.0 0.0 0.0 0.0 0.0 0.0 0.0 0.0 0.0 0.0 0.0 0.0 0.0 0.0 0.0 0.0 0.0 0.0 0.0 0.0 0.0 0.0 0.0 0.0 0.0 0.0 0.0 0.0 0.0 0.0 0.0 0.0 0.0 0.0 0.0 0.0 0.0 0.0 0.0 0.0 0.0 0.0 0.0 0.0 0.0 0.0 0.0 0.0 0.0 0.0 0.0 0.0 0.0 0.0 0.0 0.0 0.0 0.0 0.0 0.0 0.0 0.0 0.0 0.0 0.0 0.0 0.0 0.0 0.0 0.0 0.0 0.0 0.0 0.0 0.0 0.0 0.0 0.0 0.0 0.0 0.0 0.0 0.0 0.0 0.0 0.0 0.0 0.0 0.0 0.0 0.0 0.0 0.0 0.0 0.0 0.0 0.0 0.0 0.0 0.0 0.0 0.0 0.0 0.0 0.0 0.0 0.0 0.0 0.0 0.0 0.0 0.0 0.0 0.0 0.0 0.0 0.0 0.0 0.0 0.0 0.0 0.0 0.0 0.0 0.0 0.0 0.0 0.0 0.0 0.0 0.0 0.0 0.0 0.0 0.0 0.0 0.0 0.0 0.0 0.0 0.0 0.0 0.0 0.0 0.0 0.0 0.0 0.0 0.0 0.0 0.0 0.0 0.0 0.0 0.0 0.0 0.0 0.0 0.0 0.0 0.0 0.0 0.0 0.0 0.0}
espresso_temperature_basket {90.0 84.54 84.79 84.93 84.89 84.91 84.89 84.91 84.89 84.88 84.91 84.88 84.91 85.0 85.09 85.24 85.46 85.58 85.72 85.98 86.21 86.51 86.87 87.24 87.43 87.69 88.06 88.33 88.6 88.85 88.98 89.22 89.5 89.65 89.72 89.84 89.94 90.0 90.0 90.1 90.13 90.14 90.22 90.22 90.22 90.22 90.3 90.31 90.28 90.32 90.34 90.27 90.35 90.33 90.3 90.29 90.37 90.31 90.27 90.28 90.3 90.24 90.3 90.33 90.19 90.16 90.2 90.16 90.18 90.12 90.13 90.07 90.15 90.05 90.07 90.14 90.07 90.05 90.08 90.03 90.03 90.1 89.98 89.96 90.07 90.05 89.95 89.96 89.99 89.92 89.89 89.85 89.86 89.93 89.92 89.87 89.84 89.78 89.8 89.82 89.76 89.72 89.71 89.74 89.69 89.61 89.6 89.64 89.64 89.57 89.57 89.58 89.69 89.6 89.62 89.57 89.59 89.6 89.63 89.63 89.55 89.59 89.6 89.65 89.7 89.7 89.73 89.76 89.81 89.8 89.79 89.86 89.97 89.9 89.95 90.02 90.11 90.07 90.09 90.13 90.17 90.19 90.28 90.26 90.31 90.31 90.34 90.31 90.39 90.35 90.38 90.47 90.49 90.5 90.62 90.59 90.59 90.61 90.62 90.69 90.67 90.73 90.69 90.71 90.74 90.76 90.76 90.77 90.76 90.65 90.75 90.76 90.77 90.76 90.76 90.72 90.74 90.81 90.8 90.74 90.78 90.77 90.77 90.72 90.72 90.73 90.72 90.77 90.75 90.7 90.66 90.66}
espresso_temperature_mix {90.0 87.91 87.74 85.7 84.77 85.09 85.8 86.8 87.61 88.53 89.35 90.0 90.5 91.13 91.5 91.83 91.93 92.09 92.13 92.26 92.2 92.23 92.16 92.23 92.09 92.06 91.96 91.83 91.66 91.56 91.39 91.36 91.26 91.06 91.0 90.93 90.77 90.73 90.7 90.5 90.4 90.43 90.4 90.37 90.37 90.27 90.23 90.04 89.94 90.04 90.0 89.87 89.81 89.84 89.81 89.74 89.58 89.68 89.58 89.58 89.38 89.35 89.28 89.28 89.21 89.21 89.18 89.09 88.95 89.05 88.92 88.82 88.89 88.72 88.66 88.59 88.36 88.43 88.36 88.3 88.17 88.2 88.14 88.1 88.04 88.14 88.04 88.1 88.04 88.2 88.1 88.2 88.17 88.3 88.4 88.43 88.53 88.66 88.66 88.79 88.95 89.12 89.15 89.15 89.31 89.51 89.54 89.64 89.61 89.84 89.97 89.97 90.04 90.3 90.43 90.53 90.53 90.73 90.77 91.0 91.0 91.1 91.1 91.16 91.26 91.3 91.36 91.26 91.33 91.39 91.5 91.46 91.5 91.56 91.56 91.7 91.7 91.73 91.7 91.79 91.73 91.79 91.83 91.73 91.76 91.73 91.79 91.86 91.76 91.73 91.66 91.76 91.56 91.59 91.7 91.59 91.5 91.43 91.59 91.39 91.26 91.43 91.36 91.3 91.23 91.26 91.16 91.13 91.13 91.2 91.06 91.13 90.96 91.1 91.06 91.0 90.8 90.9 90.9 90.77 90.8 90.8 90.63 90.57 90.5 90.57 90.53 90.46 90.27 90.3 90.37 90.2}
espresso_water_dispensed {0.0 0.08056131998697919 0.16015625 0.2372843424479167 0.31507364908854174 0.38944498697916674 0.4647878011067709 0.5391845703125001 0.613652547200521 0.6867675781250001 0.760014851888021 0.8340911865234375 0.907470703125 0.9807637532552085 1.0538431803385417 1.1273701985677085 1.200714111328125 1.2745869954427085 1.347941080729167 1.4207102457682295 1.4935913085937502 1.5672760009765627 1.639892578125 1.7121327718098958 1.7851308186848958 1.8585306803385415 1.9318644205729165 2.005071004231771 2.077458699544271 2.149444580078125 2.2222442626953125 2.2948557535807295 2.367680867513021 2.440968831380209 2.5135447184244795 2.5857187906901045 2.658070882161459 2.7307484944661464 2.802897135416667 2.874806722005209 2.947621663411459 3.0192311604817714 3.0914052327473964 3.1638234456380214 3.2358144124348964 3.3079274495442714 3.38018290201823 3.4512736002604174 3.5228118896484384 3.5904947916666674 3.6536102294921884 3.711995442708334 3.7661844889322924 3.815455118815105 3.8604278564453134 3.901641845703126 3.938720703125001 3.972493489583334 4.0025278727213545 4.0305430094401045 4.056935628255209 4.081944783528646 4.104339599609376 4.126083374023438 4.146840413411459 4.166127522786459 4.185384114583334 4.202916463216146 4.221140543619792 4.238728841145834 4.256520589192709 4.273381551106771 4.290506998697917 4.307637532552084 4.324228922526042 4.342076619466146 4.358866373697917 4.3766428629557295 4.394521077473959 4.412119547526042 4.429951985677084 4.4481964111328125 4.466501871744792 4.48480224609375 4.502736409505209 4.521397908528646 4.540013631184896 4.558934529622396 4.578013102213542 4.596104939778646 4.614878336588542 4.633961995442709 4.653462727864584 4.6727142333984375 4.69171142578125 4.711293538411459 4.731313069661459 4.75213623046875 4.7726999918619795 4.793874104817709 4.8152618408203125 4.837056477864584 4.859156290690105 4.881200154622396 4.903569539388021 4.926035563151043 4.948008219401043 4.969751993815105 4.992156982421875 5.0154571533203125 5.03887939453125 5.0618896484375 5.085154215494793 5.108133951822918 5.130452473958335 5.152959187825522 5.175735473632813 5.199005126953126 5.222300211588543 5.245508829752605 5.268992106119793 5.292907714843751 5.316665649414063 5.340296427408855 5.364512125651043 5.38884989420573 5.413396199544272 5.43810017903646 5.46331278483073 5.487960815429688 5.513015747070313 5.537938435872397 5.562835693359376 5.587961832682293 5.613683064778647 5.63970438639323 5.666285196940105 5.692596435546876 5.719309488932293 5.746175130208335 5.773193359375002 5.79943339029948 5.826075236002605 5.852549235026043 5.879038492838543 5.90581766764323 5.932907104492189 5.960027058919272 5.987380981445314 6.014607747395835 6.041656494140627 6.068990071614585 6.096160888671877 6.123118082682293 6.150416056315105 6.177474975585939 6.205149332682293 6.232955932617189 6.260620117187502 6.289169311523439 6.317708333333335 6.346506754557293 6.375010172526043 6.4034881591796875 6.43181355794271 6.460352579752605 6.489415486653647 6.51873270670573 6.5485687255859375 6.578821818033855 6.608713785807293 6.638346354166668 6.668177286783855 6.698028564453125 6.728006998697918 6.757792154947918 6.787053426106772 6.81651814778646 6.845855712890625 6.875925699869791 6.9063771565755205 6.9366455078125 6.9669036865234375 6.9969635009765625 7.028035481770833 7.059000651041666 7.089711507161458 7.121246337890625 7.153071085611979 7.1848297119140625 7.216395060221354 7.24822998046875}
espresso_pressure_delta {0.0 0.002835360440340909 0.0005265992853139013 1.7983572823660715e-5 0.0002292672734026746 0.00010005763319672131 5.978954081632653e-5 2.964564732142857e-5 3.6711638149022254e-5 1.043458174765808e-5 7.108382411328746e-6 3.304506329862754e-5 1.064657706284737e-5 5.429656473391581e-6 2.963865407400656e-5 2.9828269378850104e-5 3.226254764930114e-5 4.487613029943671e-6 2.7477841868317387e-6 9.693248742721016e-6 7.806645016237822e-6 1.0328128734464627e-5 1.1575633081896551e-5 8.407632683086312e-6 1.1562954403822185e-5 0.0 3.5084397154627323e-6 2.8572033460407862e-5 3.87593160169342e-7 4.7166850102581635e-6 1.9253104934968718e-5 7.752957288027946e-6 1.7524759281414018e-5 8.37594626342482e-6 1.042820626906872e-5 2.0883159819921216e-5 2.0641918382653757e-6 1.1730968404765074e-5 2.4953512646982814e-5 1.796413940858865e-5 9.833983175733759e-6 2.3366787026526465e-5 2.436265244794104e-5 1.8756500769406134e-5 2.232778468440938e-5 2.183674181555725e-5 3.8790396017228545e-5 3.6971025264852516e-5 5.1551308561888254e-5 7.479452673410405e-5 3.7124291650347596e-5 3.597320188254455e-5 4.036195816532258e-5 3.609309433505487e-5 3.0065384159288037e-5 2.961769735676968e-5 2.302249923740631e-5 1.3857871003590358e-5 1.734759113487119e-5 7.1604363743390615e-6 9.466192306132382e-6 5.972262471020865e-6 6.9787331160672214e-6 2.4304785171322737e-6 2.6015898538590347e-6 5.480968906682631e-8 1.1139769465705034e-6 4.043002796339338e-6 7.659382146430357e-6 7.183139816905384e-6 5.850014976038338e-6 8.598264506257266e-6 3.331514304532865e-6 3.7365147557891935e-7 1.9207287091064052e-7 2.7209348474049113e-6 5.020325771122038e-6 4.285332349412805e-6 1.7630774139326403e-6 1.2141079705918468e-6 2.520276065703182e-6 1.3601556415862936e-6 1.0101574506442843e-6 1.1423119663118494e-7 2.8045941450672515e-6 5.1748941252928066e-6 2.437550238323556e-6 1.237497737146995e-6 4.470009788782882e-6 5.718201903698459e-7 3.599576584696513e-6 7.546448651673417e-7 4.037294936275542e-6 5.731598562708682e-7 2.0142577218584026e-7 1.7795957475277805e-6 1.1591685397514901e-6 1.2680096384338793e-6 1.2901544288324773e-6 2.091472947669865e-6 1.8204452742942913e-6 3.0586426882830124e-6 1.6347149836166777e-6 5.850289844006954e-7 4.413481922378046e-6 1.3958611905201033e-6 1.2700570982020626e-6 1.049805792558729e-6 2.6252856310766613e-6 9.205497549128333e-7 1.7512287394384791e-6 6.702483604235663e-7 1.2537321181979027e-6 8.154399327709502e-7 9.629772722453135e-7 4.120560235068816e-6 1.6694072089726485e-6 3.1262585711925315e-7 4.4047021075938986e-7 7.538572096046805e-7 1.130417195112131e-6 5.757573297225997e-7 1.992353078081052e-6 4.6095071392046573e-7 6.853604569557081e-7 3.114038584183673e-7 1.6586531541473151e-6 1.8581370347819468e-7 2.266105488057956e-6 2.1868529111385955e-6 2.7220495595941574e-6 1.0815843393509802e-6 1.5821363682129389e-6 3.4398490267993317e-6 5.285001082368222e-8 3.1452413756083593e-7 4.2469790631212726e-7 6.975938558275716e-7 3.503102689507944e-7 1.2991171573401037e-6 4.718018841880047e-7 9.19613353080163e-8 1.5288389544974986e-6 8.987580845351075e-7 1.4484929650051957e-6 2.033556215432798e-7 1.5340537982009393e-6 1.701552123742521e-6 1.075579557321411e-6 7.197355473305689e-7 9.43599426694151e-8 3.5130394029993926e-7 3.410434789510445e-7 8.940056979607298e-7 2.311082617622167e-6 2.5872833743727206e-6 2.6599449052866163e-6 1.2907566932038238e-6 7.463107174517776e-9 2.253286477624628e-6 1.1116374988692218e-6 7.834876994481435e-7 1.040041389865348e-6 2.3583573471020506e-6 1.2719774710799753e-6 5.854006447745483e-7 1.2285859597707836e-6 4.515504436031558e-7 8.481973017399794e-7 6.973852405164534e-9 6.374971617517668e-7 1.337454642362974e-6 8.494707194567596e-7 8.509488365446282e-7 7.586424548456011e-7 7.000834068600419e-7 1.9066691728550682e-6 7.921240661722605e-7 3.7714823635427393e-7 1.3087652705942568e-6 1.544572487467496e-6 1.079922824291196e-6 2.460377052006259e-7 5.148880921624971e-7 1.1516670816080507e-6 9.552165931973499e-8 2.279143868474963e-7 1.668014170340578e-6 2.361964063462328e-6 8.34711396167683e-7 5.704654839610901e-7 7.460229209808577e-7}
espresso_flow_delta_negative 0.0
espresso_flow_delta_negative_2x 0.0
espresso_resistance {0.0 0.02 0.03 0.03 0.04 0.05 0.04 0.05 0.05 0.06 0.06 0.05 0.05 0.05 0.05 0.05 0.04 0.04 0.04 0.04 0.04 0.03 0.03 0.04 0.04 0.04 0.04 0.05 0.05 0.06 0.07 0.07 0.08 0.08 0.09 0.1 0.1 0.11 0.13 0.14 0.14 0.16 0.18 0.19 0.21 0.22 0.25 0.29 0.33 0.44 0.55 0.69 0.87 1.12 1.41 1.77 2.27 2.79 3.63 4.22 4.83 5.43 6.85 7.24 7.98 9.24 9.29 11.28 10.3 11.2 10.83 12.25 11.8 11.81 12.59 10.82 12.35 10.92 10.84 11.16 10.92 10.41 10.36 10.37 10.86 9.92 10.02 9.73 9.47 10.52 9.69 9.39 8.91 9.12 9.38 8.78 8.38 7.72 7.94 7.45 7.34 7.01 6.85 6.89 6.61 6.58 6.9 7.03 6.57 6.06 6.03 6.26 6.1 6.23 6.63 6.43 6.32 6.04 6.02 6.08 5.92 5.7 5.73 5.8 5.54 5.49 5.37 5.3 5.04 5.32 5.1 5.17 5.21 5.05 4.82 4.7 4.5 4.61 4.46 4.39 4.35 4.61 4.45 4.52 4.49 4.39 4.27 4.29 4.2 4.22 4.28 4.18 4.24 4.29 4.14 4.26 4.02 4.01 4.05 3.76 3.79 3.71 3.8 3.77 3.83 3.76 3.61 3.55 3.41 3.32 3.41 3.45 3.39 3.4 3.36 3.41 3.5 3.47 3.49 3.3 3.24 3.26 3.26 3.3 3.06 3.09 3.14 2.95 2.94 2.94 2.96 2.9}
espresso_resistance_weight {0.0 0.0 0.0 0.0 0.0 0.0 0.0 0.0 0.0 0.0 0.0 0.0 0.0 0.0 0.0 0.0 0.0 0.0 0.0 0.0 0.0 0.0 0.0 0.0 0.0 0.0 0.0 0.0 0.0 0.0 0.0 0.0 0.0 0.0 0.0 0.0 0.0 0.0 0.0 0.0 0.0 0.0 0.0 0.0 0.0 0.0 0.0 0.0 0.0 0.0 0.0 0.0 0.0 0.0 0.0 0.0 0.0 0.0 0.0 0.0 0.0 0.0 0.0 0.0 0.0 0.0 0.0 0.0 0.0 0.0 0.0 0.0 0.0 0.0 0.0 0.0 0.0 0.0 0.0 0.0 0.0 0.0 0.0 0.0 0.0 0.0 0.0 0.0 0.0 0.0 0.0 0.0 0.0 0.0 0.0 0.0 0.0 0.0 0.0 0.0 0.0 0.0 0.0 0.0 0.0 0.0 0.0 0.0 0.0 0.0 0.0 0.0 0.0 0.0 0.0 0.0 0.0 0.0 0.0 0.0 0.0 0.0 0.0 0.0 0.0 0.0 0.0 0.0 0.0 0.0 0.0 0.0 0.0 0.0 0.0 0.0 0.0 0.0 0.0 0.0 0.0 0.0 0.0 0.0 0.0 0.0 0.0 0.0 0.0 0.0 0.0 0.0 0.0 0.0 0.0 0.0 0.0 0.0 0.0 0.0 0.0 0.0 0.0 0.0 0.0 0.0 0.0 0.0 0.0 0.0 0.0 0.0 0.0 0.0 0.0 0.0 0.0 0.0 0.0 0.0 0.0 0.0 0.0 0.0 0.0 0.0 0.0 0.0 0.0 0.0 0.0 0.0}
espresso_state_change {0.0 10000000.0 10000000.0 10000000.0 10000000.0 10000000.0 10000000.0 10000000.0 10000000.0 10000000.0 10000000.0 10000000.0 10000000.0 10000000.0 10000000.0 10000000.0 10000000.0 10000000.0 10000000.0 10000000.0 10000000.0 10000000.0 10000000.0 10000000.0 10000000.0 10000000.0 10000000.0 10000000.0 10000000.0 10000000.0 10000000.0 10000000.0 10000000.0 10000000.0 10000000.0 10000000.0 10000000.0 10000000.0 10000000.0 10000000.0 10000000.0 10000000.0 10000000.0 10000000.0 10000000.0 10000000.0 10000000.0 -10000000.0 -10000000.0 -10000000.0 -10000000.0 -10000000.0 -10000000.0 -10000000.0 -10000000.0 -10000000.0 -10000000.0 -10000000.0 -10000000.0 -10000000.0 -10000000.0 -10000000.0 10000000.0 10000000.0 10000000.0 10000000.0 10000000.0 10000000.0 10000000.0 10000000.0 10000000.0 -10000000.0 -10000000.0 -10000000.0 -10000000.0 -10000000.0 -10000000.0 -10000000.0 -10000000.0 -10000000.0 -10000000.0 -10000000.0 -10000000.0 -10000000.0 -10000000.0 -10000000.0 10000000.0 10000000.0 10000000.0 10000000.0 10000000.0 10000000.0 10000000.0 10000000.0 10000000.0 10000000.0 10000000.0 10000000.0 10000000.0 10000000.0 10000000.0 10000000.0 10000000.0 10000000.0 10000000.0 10000000.0 10000000.0 10000000.0 10000000.0 10000000.0 10000000.0 10000000.0 10000000.0 10000000.0 10000000.0 10000000.0 10000000.0 10000000.0 10000000.0 10000000.0 10000000.0 10000000.0 10000000.0 10000000.0 10000000.0 10000000.0 10000000.0 10000000.0 10000000.0 10000000.0 10000000.0 10000000.0 10000000.0 10000000.0 10000000.0 10000000.0 10000000.0 10000000.0 10000000.0 10000000.0 10000000.0 10000000.0 10000000.0 10000000.0 10000000.0 10000000.0 10000000.0 10000000.0 10000000.0 10000000.0 10000000.0 10000000.0 10000000.0 10000000.0 10000000.0 10000000.0 10000000.0 10000000.0 10000000.0 10000000.0 10000000.0 10000000.0 10000000.0 10000000.0 10000000.0 10000000.0 10000000.0 10000000.0 10000000.0 10000000.0 10000000.0 10000000.0 10000000.0 10000000.0 10000000.0 10000000.0 10000000.0 10000000.0 10000000.0 10000000.0 10000000.0 10000000.0 10000000.0 10000000.0 10000000.0 10000000.0 10000000.0 10000000.0 10000000.0 10000000.0 10000000.0 10000000.0}
espresso_pressure_goal {-1.0 -1.0 -1.0 -1.0 -1.0 -1.0 -1.0 -1.0 -1.0 -1.0 -1.0 -1.0 -1.0 -1.0 -1.0 -1.0 -1.0 -1.0 -1.0 -1.0 -1.0 -1.0 -1.0 -1.0 -1.0 -1.0 -1.0 -1.0 -1.0 -1.0 -1.0 -1.0 -1.0 -1.0 -1.0 -1.0 -1.0 -1.0 -1.0 -1.0 -1.0 -1.0 -1.0 -1.0 -1.0 -1.0 -1.0 4.3125 5.625 6.4375 7.0 7.3125 7.5625 7.75 7.8125 7.875 7.9375 8.0 8.0 8.0 8.0 8.0 7.875 7.9375 7.9375 8.0 8.0 8.0 8.0 8.0 8.0 7.9375 8.0 8.0 8.0 8.0 8.0 8.0 8.0 8.0 8.0 8.0 8.0 8.0 8.0 8.0 7.8125 7.8125 7.8125 7.8125 7.75 7.75 7.75 7.75 7.75 7.75 7.75 7.6875 7.6875 7.6875 7.6875 7.6875 7.6875 7.625 7.625 7.625 7.625 7.625 7.625 7.5625 7.5625 7.5625 7.5625 7.5625 7.5625 7.5 7.5 7.5 7.5 7.5 7.5 7.4375 7.4375 7.4375 7.4375 7.4375 7.4375 7.375 7.375 7.375 7.375 7.375 7.375 7.3125 7.3125 7.3125 7.3125 7.3125 7.3125 7.25 7.25 7.25 7.25 7.25 7.25 7.1875 7.1875 7.1875 7.1875 7.1875 7.1875 7.125 7.125 7.125 7.125 7.125 7.125 7.0625 7.0625 7.0625 7.0625 7.0625 7.0625 7.0625 7.0 7.0 7.0 7.0 7.0 7.0 6.9375 6.9375 6.9375 6.9375 6.9375 6.9375 6.875 6.875 6.875 6.875 6.875 6.875 6.8125 6.8125 6.8125 6.8125 6.8125 6.8125 6.75 6.75 6.75 6.75}
espresso_flow_goal {-1.0 3.5 3.5 3.5 3.5 3.5 3.5 3.5 3.5 3.5 3.5 3.5 3.5 3.5 3.5 3.5 3.5 3.5 3.5 3.5 3.5 3.5 3.5 3.5 3.5 3.5 3.5 3.5 3.5 3.5 3.5 3.5 3.5 3.5 3.5 3.5 3.5 3.5 3.5 3.5 3.5 3.5 3.5 3.5 3.5 3.5 3.5 -1.0 -1.0 -1.0 -1.0 -1.0 -1.0 -1.0 -1.0 -1.0 -1.0 -1.0 -1.0 -1.0 -1.0 -1.0 -1.0 -1.0 -1.0 -1.0 -1.0 -1.0 -1.0 -1.0 -1.0 -1.0 -1.0 -1.0 -1.0 -1.0 -1.0 -1.0 -1.0 -1.0 -1.0 -1.0 -1.0 -1.0 -1.0 -1.0 -1.0 -1.0 -1.0 -1.0 -1.0 -1.0 -1.0 -1.0 -1.0 -1.0 -1.0 -1.0 -1.0 -1.0 -1.0 -1.0 -1.0 -1.0 -1.0 -1.0 -1.0 -1.0 -1.0 -1.0 -1.0 -1.0 -1.0 -1.0 -1.0 -1.0 -1.0 -1.0 -1.0 -1.0 -1.0 -1.0 -1.0 -1.0 -1.0 -1.0 -1.0 -1.0 -1.0 -1.0 -1.0 -1.0 -1.0 -1.0 -1.0 -1.0 -1.0 -1.0 -1.0 -1.0 -1.0 -1.0 -1.0 -1.0 -1.0 -1.0 -1.0 -1.0 -1.0 -1.0 -1.0 -1.0 -1.0 -1.0 -1.0 -1.0 -1.0 -1.0 -1.0 -1.0 -1.0 -1.0 -1.0 -1.0 -1.0 -1.0 -1.0 -1.0 -1.0 -1.0 -1.0 -1.0 -1.0 -1.0 -1.0 -1.0 -1.0 -1.0 -1.0 -1.0 -1.0 -1.0 -1.0 -1.0 -1.0 -1.0 -1.0 -1.0 -1.0 -1.0 -1.0 -1.0}
espresso_temperature_goal {90.0 90.0 90.0 90.0 90.0 90.0 90.0 90.0 90.0 90.0 90.0 90.0 90.0 90.0 90.0 90.0 90.0 90.0 90.0 90.0 90.0 90.0 90.0 90.0 90.0 90.0 90.0 90.0 90.0 90.0 90.0 90.0 90.0 90.0 90.0 90.0 90.0 90.0 90.0 90.0 90.0 90.0 90.0 90.0 90.0 90.0 90.0 90.0 90.0 90.0 90.0 90.0 90.0 90.0 90.0 90.0 90.0 90.0 90.0 90.0 90.0 90.0 90.0 90.0 90.0 90.0 90.0 90.0 90.0 90.0 90.0 90.0 90.0 90.0 90.0 90.0 90.0 90.0 90.0 90.0 90.0 90.0 90.0 90.0 90.0 90.0 90.0 90.0 90.0 90.0 90.0 90.0 90.0 90.0 90.0 90.0 90.0 90.0 90.0 90.0 90.0 90.0 90.0 90.0 90.0 90.0 90.0 90.0 90.0 90.0 90.0 90.0 90.0 90.0 90.0 90.0 90.0 90.0 90.0 90.0 90.0 90.0 90.0 90.0 90.0 90.0 90.0 90.0 90.0 90.0 90.0 90.0 90.0 90.0 90.0 90.0 90.0 90.0 90.0 90.0 90.0 90.0 90.0 90.0 90.0 90.0 90.0 90.0 90.0 90.0 90.0 90.0 90.0 90.0 90.0 90.0 90.0 90.0 90.0 90.0 90.0 90.0 90.0 90.0 90.0 90.0 90.0 90.0 90.0 90.0 90.0 90.0 90.0 90.0 90.0 90.0 90.0 90.0 90.0 90.0 90.0 90.0 90.0 90.0 90.0 }
