espresso_elapsed {0.0 0.005 0.223 0.403 0.628 0.853 1.034 1.258 1.483 1.663 1.889 2.068 2.293 2.518 2.698 2.924 3.149 3.328 3.553 3.781 3.958 4.183 4.363 4.588 4.813 4.994 5.219 5.443 5.624 5.848 6.028 6.253 6.478 6.658 6.884 7.108 7.288 7.513 7.694 7.919 8.144 8.323 8.548 8.773 8.954 9.178 9.358 9.583 9.809 9.995 10.213 10.438 10.618 10.842 11.069 11.249 11.473 11.653 11.878 12.103 12.283 12.508 12.733 12.914 13.138 13.318 13.543 13.768 13.948 14.173 14.398 14.578 14.803 14.982 15.208 15.433 15.613 15.838 16.063 16.243 16.468 16.648 16.873 17.098 17.278 17.503 17.728 17.908 18.133 18.358 18.54 18.763 18.943 19.168 19.394 19.573 19.798 20.023 20.203 20.429 20.608 20.833 21.058 21.238 21.463 21.687 21.868 22.093 22.273 22.498 22.723 22.903 23.128 23.353 23.536 23.758 23.984 24.163 24.388 24.568 24.793 25.018 25.198 25.423 25.649 25.828 26.053 26.233 26.458 26.683 26.863 27.088 27.313 27.493 27.718 27.898 28.123 28.348 28.528 28.753 28.978 29.157 29.383 29.563 29.788 30.013 30.194 30.418 30.644 30.823 31.048 31.273 31.453 31.678 31.858 32.083 32.308 32.488 32.714 32.938 33.118 33.343 33.523 33.748 33.973 34.153 34.378 34.603 34.783 35.008 35.188 35.413 35.638 35.818 36.043 36.268 36.448 36.673 36.852 37.078 37.303 37.483 37.708}
espresso_pressure {0.0 0.35 0.46 0.61 0.49 0.48 0.54 0.55 0.51 0.59 0.55 0.47 0.46 0.43 0.37 0.37 0.34 0.37 0.41 0.41 0.39 0.4 0.43 0.38 0.45 0.45 0.55 0.56 0.53 0.6 0.64 0.7 0.86 0.97 1.03 1.16 1.25 1.33 1.41 1.53 1.61 1.73 1.87 2.05 2.26 2.53 2.78 3.03 3.42 3.85 4.38 4.76 5.13 5.63 6.09 6.46 6.8 7.09 7.35 7.49 7.66 7.77 7.81 7.9 7.9 7.94 7.97 7.97 8.01 8.06 8.0 8.06 8.0 8.03 8.01 8.05 8.06 8.01 8.09 7.93 8.02 7.99 8.07 8.04 7.95 8.04 8.01 8.06 8.01 7.96 8.02 7.91 7.9 7.97 7.95 7.92 7.9 7.86 7.92 7.82 7.88 7.84 7.8 7.9 7.85 7.75 7.78 7.79 7.79 7.77 7.71 7.76 7.73 7.67 7.67 7.77 7.65 7.66 7.65 7.65 7.61 7.7 7.6 7.54 7.58 7.58 7.54 7.53 7.57 7.51 7.5 7.51 7.55 7.45 7.43 7.47 7.43 7.45 7.42 7.4 7.43 7.4 7.34 7.37 7.38 7.31 7.33 7.33 7.32 7.28 7.3 7.32 7.26 7.2 7.23 7.25 7.24 7.19 7.16 7.22 7.14 7.17 7.15 7.11 7.14 7.13 7.1 7.08 7.08 7.12 7.02 7.02 7.03 7.0 6.99 7.02 6.91 6.98 6.96 6.95 6.91 6.95 6.93}
espresso_weight {0.0 0.0 0.0 0.0 0.0 0.0 0.0 0.0 0.0 0.0 0.0 0.0 0.0 0.0 0.0 0.0 0.0 0.0 0.0 0.0 0.0 0.0 0.0 0.0 0.0 0.0 0.0 0.0 0.0 0.0 0.0 0.0 0.0 0.0 0.0 0.0 0.0 0.0 0.0 0.0 0.0 0.0 0.0 0.0 0.0 0.0 0.0 0.0 0.0 0.0 0.0 0.0 0.0 0.0 0.0 0.0 0.0 0.0 0.0 0.0 0.0 0.0 0.0 0.0 0.0 0.0 0.0 0.0 0.0 0.0 0.0 0.0 0.0 0.0 0.0 0.0 0.0 0.0 0.0 0.0 0.0 0.0 0.0 0.0 0.0 0.0 0.0 0.0 0.0 0.0 0.0 0.0 0.0 0.0 0.0 0.0 0.0 0.0 0.0 0.0 0.0 0.0 0.0 0.0 0.0 0.0 0.0 0.0 0.0 0.0 0.0 0.0 0.0 0.0 0.0 0.0 0.0 0.0 0.0 0.0 0.0 0.0 0.0 0.0 0.0 0.0 0.0 0.0 0.0 0.0 0.0 0.0 0.0 0.0 0.0 0.0 0.0 0.0 0.0 0.0 0.0 0.0 0.0 0.0 0.0 0.0 0.0 0.0 0.0 0.0 0.0 0.0 0.0 0.0 0.0 0.0 0.0 0.0 0.0 0.0 0.0 0.0 0.0 0.0 0.0 0.0 0.0 0.0 0.0 0.0 0.0 0.0 0.0 0.0 0.0 0.0 0.0 0.0 0.0 0.0 0.0 0.0 0.0}
espresso_flow {0.0 3.84 3.74 3.71 3.65 3.59 3.57 3.55 3.58 3.58 3.54 3.55 3.56 3.48 3.47 3.49 3.53 3.52 3.51 3.52 3.53 3.46 3.5 3.49 3.5 3.45 3.49 3.49 3.54 3.52 3.49 3.51 3.54 3.49 3.5 3.52 3.49 3.47 3.48 3.51 3.48 3.47 3.52 3.47 3.47 3.47 3.46 3.46 3.44 3.46 3.32 3.16 3.0 2.78 2.56 2.4 2.2 2.01 1.83 1.68 1.52 1.37 1.29 1.21 1.14 1.05 1.01 0.99 0.95 0.91 0.91 0.86 0.87 0.83 0.83 0.84 0.8 0.82 0.77 0.83 0.82 0.84 0.84 0.84 0.87 0.84 0.89 0.87 0.83 0.89 0.86 0.92 0.94 0.93 0.95 0.97 0.97 0.98 0.97 1.0 1.02 1.01 1.04 1.03 1.03 1.05 1.06 1.05 1.05 1.05 1.09 1.11 1.13 1.14 1.13 1.11 1.13 1.13 1.14 1.15 1.15 1.13 1.17 1.19 1.2 1.22 1.23 1.26 1.25 1.25 1.23 1.24 1.27 1.24 1.27 1.27 1.29 1.31 1.3 1.3 1.3 1.33 1.33 1.36 1.31 1.33 1.35 1.35 1.33 1.36 1.38 1.37 1.36 1.39 1.37 1.37 1.37 1.4 1.41 1.39 1.39 1.4 1.42 1.43 1.43 1.43 1.42 1.44 1.43 1.41 1.43 1.43 1.43 1.46 1.47 1.47 1.5 1.49 1.5 1.49 1.51 1.52 1.52}
espresso_flow_weight {0.0 0.0 0.0 0.0 0.0 0.0 0.0 0.0 0.0 0.0 0.0 0.0 0.0 0.0 0.0 0.0 0.0 0.0 0.0 0.0 0.0 0.0 0.0 0.0 0.0 0.0 0.0 0.0 0.0 0.0 0.0 0.0 0.0 0.0 0.0 0.0 0.0 0.0 0.0 0.0 0.0 0.0 0.0 0.0 0.0 0.0 0.0 0.0 0.0 0.0 0.0 0.0 0.0 0.0 0.0 0.0 0.0 0.0 0.0 0.0 0.0 0.0 0.0 0.0 0.0 0.0 0.0 0.0 0.0 0.0 0.0 0.0 0.0 0.0 0.0 0.0 0.0 0.0 0.0 0.0 0.0 0.0 0.0 0.0 0.0 0.0 0.0 0.0 0.0 0.0 0.0 0.0 0.0 0.0 0.0 0.0 0.0 0.0 0.0 0.0 0.0 0.0 0.0 0.0 0.0 0.0 0.0 0.0 0.0 0.0 0.0 0.0 0.0 0.0 0.0 0.0 0.0 0.0 0.0 0.0 0.0 0.0 0.0 0.0 0.0 0.0 0.0 0.0 0.0 0.0 0.0 0.0 0.0 0.0 0.0 0.0 0.0 0.0 0.0 0.0 0.0 0.0 0.0 0.0 0.0 0.0 0.0 0.0 0.0 0.0 0.0 0.0 0.0 0.0 0.0 0.0 0.0 0.0 0.0 0.0 0.0 0.0 0.0 0.0 0.0 0.0 0.0 0.0 0.0 0.0 0.0 0.0 0.0 0.0 0.0 0.0 0.0 0.0 0.0 0.0 0.0 0.0 0.0}
espresso_flow_weight_raw {0.0 0.0 0.0 0.0 0.0 0.0 0.0 0.0 0.0 0.0 0.0 0.0 0.0 0.0 0.0 0.0 0.0 0.0 0.0 0.0 0.0 0.0 0.0 0.0 0.0 0.0 0.0 0.0 0.0 0.0 0.0 0.0 0.0 0.0 0.0 0.0 0.0 0.0 0.0 0.0 0.0 0.0 0.0 0.0 0.0 0.0 0.0 0.0 0.0 0.0 0.0 0.0 0.0 0.0 0.0 0.0 0.0 0.0 0.0 0.0 0.0 0.0 0.0 0.0 0.0 0.0 0.0 0.0 0.0 0.0 0.0 0.0 0.0 0.0 0.0 0.0 0.0 0.0 0.0 0.0 0.0 0.0 0.0 0.0 0.0 0.0 0.0 0.0 0.0 0.0 0.0 0.0 0.0 0.0 0.0 0.0 0.0 0.0 0.0 0.0 0.0 0.0 0.0 0.0 0.0 0.0 0.0 0.0 0.0 0.0 0.0 0.0 0.0 0.0 0.0 0.0 0.0 0.0 0.0 0.0 0.0 0.0 0.0 0.0 0.0 0.0 0.0 0.0 0.0 0.0 0.0 0.0 0.0 0.0 0.0 0.0 0.0 0.0 0.0 0.0 0.0 0.0 0.0 0.0 0.0 0.0 0.0 0.0 0.0 0.0 0.0 0.0 0.0 0.0 0.0 0.0 0.0 0.0 0.0 0.0 0.0 0.0 0.0 0.0 0.0 0.0 0.0 0.0 0.0 0.0 0.0 0.0 0.0 0.0 0.0 0.0 0.0 0.0 0.0 0.0 0.0 0.0 0.0}
espresso_temperature_basket {90.0 85.73 85.99 85.96 86.0 85.94 85.91 85.94 85.89 85.9 85.94 85.98 86.02 86.0 85.98 86.03 86.01 86.06 86.03 86.04 86.03 86.09 86.11 86.22 86.4 86.55 86.66 86.75 86.83 86.91 86.94 86.97 86.99 87.09 87.09 87.08 87.26 87.37 87.57 87.79 87.88 88.05 88.21 88.38 88.49 88.62 88.77 88.86 88.91 89.04 89.12 89.15 89.17 89.29 89.39 89.39 89.38 89.51 89.6 89.61 89.63 89.63 89.66 89.6 89.71 89.73 89.73 89.72 89.67 89.8 89.75 89.8 89.77 89.67 89.72 89.72 89.76 89.76 89.66 89.67 89.74 89.73 89.66 89.7 89.69 89.7 89.74 89.69 89.63 89.54 89.57 89.63 89.56 89.58 89.63 89.59 89.55 89.49 89.53 89.55 89.55 89.46 89.42 89.45 89.43 89.43 89.38 89.41 89.37 89.38 89.4 89.38 89.32 89.3 89.32 89.31 89.29 89.3 89.31 89.37 89.32 89.41 89.37 89.42 89.37 89.43 89.45 89.45 89.49 89.51 89.48 89.49 89.5 89.6 89.61 89.67 89.7 89.74 89.87 89.82 89.82 89.87 89.9 89.93 90.03 90.13 90.04 90.05 90.11 90.15 90.24 90.16 90.23 90.23 90.27 90.28 90.27 90.34 90.39 90.42 90.4 90.45 90.43 90.41 90.49 90.52 90.5 90.5 90.46 90.5 90.56 90.55 90.51 90.57 90.55 90.51 90.49 90.54 90.57 90.58 90.57 90.62 90.49}
espresso_temperature_mix {90.0 89.38 87.65 86.03 85.93 86.19 86.67 87.19 87.62 88.04 88.27 88.66 88.86 89.05 89.15 89.38 89.48 89.51 89.71 89.97 90.11 90.14 90.3 90.3 90.4 90.5 90.5 90.6 90.57 90.63 90.54 90.44 90.3 90.14 89.97 89.88 89.81 89.81 89.71 89.74 89.64 89.71 89.64 89.74 89.88 89.91 90.01 90.17 90.07 90.17 90.17 90.27 90.24 90.17 90.07 90.14 90.01 89.97 89.91 89.74 89.74 89.74 89.68 89.61 89.61 89.48 89.48 89.45 89.22 89.18 89.22 89.09 89.05 88.89 88.95 88.79 88.63 88.66 88.53 88.56 88.5 88.33 88.43 88.33 88.37 88.17 88.23 88.2 88.23 88.2 88.2 88.23 88.23 88.17 88.33 88.4 88.43 88.56 88.63 88.66 88.86 88.82 89.02 89.15 89.15 89.41 89.48 89.64 89.61 89.91 90.04 90.11 90.2 90.34 90.57 90.6 90.7 90.83 90.96 91.0 91.03 91.13 91.3 91.4 91.46 91.63 91.7 91.66 91.83 91.76 91.86 91.96 91.93 92.0 92.0 92.1 92.06 92.2 92.3 92.3 92.3 92.26 92.33 92.3 92.33 92.36 92.36 92.36 92.26 92.4 92.26 92.33 92.3 92.13 92.1 91.96 92.06 91.89 91.93 91.93 91.83 91.89 91.76 91.73 91.83 91.66 91.66 91.63 91.6 91.63 91.63 91.43 91.36 91.33 91.33 91.3 91.27 91.27 91.16 91.1 91.0 90.96 90.9}
espresso_water_dispensed {0.0 0.08002726236979169 0.15792338053385419 0.2351226806640625 0.3111114501953125 0.3858184814453125 0.4602559407552083 0.5342864990234375 0.6087697347005209 0.6833394368489584 0.7571767171223959 0.831085205078125 0.9051971435546875 0.9776458740234375 1.0498606363932292 1.1226552327473958 1.1960957845052083 1.2693430582682292 1.3425699869791667 1.4158732096354167 1.4893544514973958 1.5613505045572917 1.6343180338541665 1.7071278889973958 1.780146280924479 1.8519185384114583 1.924560546875 1.997314453125 2.0709737141927085 2.144322713216146 2.217076619466146 2.2901509602864585 2.3640034993489585 2.436670939127604 2.5096232096354165 2.58294677734375 2.655751546223958 2.7281443277994786 2.800704956054687 2.8739013671874996 2.9464670817057286 3.0188039143880205 3.09222412109375 3.1645558675130205 3.2369384765624996 3.3091430664062496 3.381123860677083 3.453211466471354 3.524953206380208 3.597127278645833 3.666213989257812 3.7319997151692705 3.7945556640624996 3.852401733398437 3.9057973225911455 3.9557545979817705 4.001597086588542 4.043518066406249 4.081583658854167 4.1166127522786455 4.1482594807942705 4.1767018636067705 4.203521728515624 4.228769938151042 4.2525685628255205 4.2744801839192705 4.295511881510417 4.316207885742187 4.336090087890625 4.3550160725911455 4.3739674886067705 4.391794840494792 4.4099375406901045 4.4272613525390625 4.4446156819661455 4.4620717366536455 4.478830973307292 4.4959360758463545 4.5119679768880205 4.529307047526042 4.546295166015625 4.563847859700521 4.5812835693359375 4.5986887613932295 4.616831461588542 4.6343332926432295 4.65283203125 4.6709543863932295 4.6882375081380205 4.7068023681640625 4.724761962890625 4.7438710530598955 4.7634938557942705 4.782908121744792 4.8027903238932295 4.822967529296875 4.843114217122396 4.86346435546875 4.883768717447917 4.9046173095703125 4.925872802734375 4.9468943277994795 4.968505859375 4.9899851481119795 5.011342366536458 5.033304850260417 5.055470784505208 5.077382405598958 5.0992431640625 5.1211802164713545 5.1439565022786455 5.1670583089192705 5.1905059814453125 5.21435546875 5.2379608154296875 5.261037190755208 5.284525553385417 5.307993570963542 5.3318023681640625 5.3556772867838545 5.3795928955078125 5.403167724609375 5.4275970458984375 5.4523773193359375 5.477366129557292 5.5026906331380205 5.5282643636067705 5.5544179280598955 5.5804087320963545 5.606353759765625 5.631907145182292 5.657663981119792 5.684031168619792 5.709859212239583 5.736419677734375 5.7629547119140625 5.789906819661458 5.8172861735026045 5.844340006510417 5.871500651041667 5.8986460367838545 5.9263458251953125 5.953999837239583 5.9823048909505205 6.009653727213541 6.037439982096354 6.0655873616536455 6.09375 6.121531168619792 6.1497650146484375 6.1784413655598955 6.2070159912109375 6.2353566487630205 6.264241536458333 6.292841593424479 6.3213857014973955 6.349995930989583 6.379160563151041 6.408548990885416 6.4374135335286455 6.4663543701171875 6.4954681396484375 6.524988810221354 6.554773966471354 6.584528605143229 6.614247639973958 6.643829345703125 6.673797607421875 6.7036895751953125 6.7330780029296875 6.762781778971354 6.792633056640625 6.822479248046875 6.852839152018229 6.883494059244791 6.9140675862630205 6.945343017578125 6.976404825846354 7.007568359375 7.03857421875 7.069936116536458 7.101587931315104 7.1331634521484375}
espresso_pressure_delta {0.0 0.017041015625 0.00048828125 0.00036772545750620345 0.00019360196058917199 1.5455561254396247e-5 6.587546844777563e-5 3.881408982511923e-6 2.8644955327039785e-5 4.8299618535778714e-5 1.7318604420328216e-5 4.1555851063829786e-5 1.916498582642826e-6 1.4349806393963463e-5 2.045062314677539e-5 5.844679805061559e-7 9.84625575579549e-6 7.5560349684495195e-6 1.2368509006473403e-5 1.9371115445649298e-7 6.229965418140475e-6 3.7937223583552475e-6 6.6029323286729316e-6 1.1121488802310376e-5 1.4101619312279244e-5 6.355282589106929e-7 1.9553704014178962e-5 2.242702783391512e-6 5.773595861486487e-6 1.2357323016415869e-5 7.3306989258460514e-6 9.526677194946425e-6 2.4233161759030565e-5 1.657428094022229e-5 9.079023823358512e-6 1.7757555307400113e-5 1.2260629630900109e-5 1.039864235325436e-5 1.021747871718222e-5 1.556901321189544e-5 9.413084018909627e-6 1.5223955830229484e-5 1.6051360698408986e-5 2.0231418485694747e-5 2.4048696811480902e-5 2.957990575288734e-5 2.6349864420816415e-5 2.5858576059167275e-5 4.0296021192272406e-5 4.2623850987993995e-5 5.1993132221188684e-5 3.597320188254455e-5 3.531738557167075e-5 4.571162781313411e-5 4.1906873927184026e-5 3.307585674282158e-5 2.9216863778000525e-5 2.4910598397408394e-5 2.236277151035528e-5 1.0953347052383707e-5 1.379415401367744e-5 9.408041353533738e-6 2.6459912235922405e-6 7.032701912652935e-6 4.6456961676054196e-7 2.5847595828953294e-6 2.4877358229343574e-6 1.9505715245496804e-7 2.590537173788357e-6 3.2384419318422353e-6 4.001749374913183e-6 4.23704061771162e-6 3.908756882050935e-6 2.036949547790682e-6 1.7337708771699105e-6 2.8000317906434263e-6 6.411173781464165e-7 3.3758553400050512e-6 5.304431185021478e-6 9.664619951671489e-6 4.892300598129706e-6 1.569140249579529e-6 4.818279388668286e-6 1.5706789536787928e-6 5.256413502720222e-6 4.784336078100897e-6 1.5699476111236463e-6 3.026536673553719e-6 3.0159102189378482e-6 2.5666815897701274e-6 3.16039644012945e-6 5.595079078505569e-6 8.506192920867866e-7 3.757381279997913e-6 9.819000077343509e-7 1.609060472334338e-6 9.618632563895343e-7 2.2069346813664285e-6 3.1298530849378806e-6 5.1029441908561355e-6 3.1868123119662266e-6 1.9687815005040082e-6 1.8781831726659701e-6 4.655662168047839e-6 2.354615355495504e-6 4.491728195462719e-6 1.0829358251783429e-6 8.729963959172589e-7 4.384512638620752e-8 9.549459951995733e-7 2.954657038023148e-6 2.323829028948173e-6 1.2033911816845382e-6 2.498591588875091e-6 2.6969987466009516e-7 4.172114393046552e-6 4.743559508422281e-6 3.0311711087199435e-7 4.2044883754305394e-7 2.981202682351026e-8 1.5361568789577703e-6 3.57164716404189e-6 3.8077333766568774e-6 2.5736414860559336e-6 1.6752602440640961e-6 2.2686135202106242e-7 1.2838162831535715e-6 6.700768116494492e-7 1.707083514437977e-6 2.25996830847356e-6 4.3624129844023377e-7 5.407722054046073e-7 1.5106273798191337e-6 3.862844064852872e-6 7.134494056208962e-7 1.4439459145816905e-6 1.2587700680937312e-6 6.028588877522224e-7 1.1553205403463265e-6 5.09457708760825e-7 9.014786001449376e-7 8.540777086119971e-7 2.0107555814586666e-6 7.019569436457735e-7 5.24540083255002e-7 2.2288518725219073e-6 4.0428665463337086e-7 4.01309463146821e-8 2.868118555018927e-7 1.1089020374395743e-6 4.639363847912909e-7 7.416416517443161e-7 1.816326145359743e-6 1.9190294723467392e-6 8.353106951158265e-7 7.533560413614687e-7 2.7959648152160457e-7 1.5856215179450873e-6 9.627113964969127e-7 1.7714982505009411e-6 2.4253356369647925e-6 9.299061084785412e-7 4.8066346239895e-7 1.2370524734799099e-6 8.767302343037118e-7 4.28906318625011e-7 7.172669476118448e-7 6.420482869982371e-7 2.1056892016214818e-8 1.1785810564728063e-6 3.0181076467829942e-6 1.9303469065032616e-7 1.1645969540939447e-7 7.634080629850913e-7 3.657740407291291e-7 7.943254039373552e-7 2.8467890041977614e-6 1.7907950842581736e-6 5.299915879735157e-7 1.9095091766006796e-7 1.20424295633059e-6 1.15937975215431e-6 4.014192943142039e-7}
espresso_flow_delta_negative 0.0
espresso_flow_delta_negative_2x 0.0
espresso_resistance {0.0 0.02 0.03 0.04 0.04 0.04 0.04 0.04 0.04 0.05 0.04 0.04 0.04 0.04 0.03 0.03 0.03 0.03 0.03 0.03 0.03 0.03 0.04 0.03 0.04 0.04 0.05 0.05 0.04 0.05 0.05 0.06 0.07 0.08 0.08 0.09 0.1 0.11 0.12 0.12 0.13 0.14 0.15 0.17 0.19 0.21 0.23 0.25 0.29 0.32 0.4 0.48 0.57 0.73 0.93 1.12 1.4 1.75 2.2 2.65 3.32 4.17 4.71 5.38 6.06 7.18 7.82 8.08 8.8 9.76 9.67 11.01 10.55 11.62 11.54 11.47 12.46 11.88 13.66 11.46 12.05 11.25 11.52 11.52 10.49 11.39 10.16 10.66 11.64 10.03 10.79 9.41 8.9 9.18 8.73 8.44 8.45 8.23 8.34 7.8 7.57 7.7 7.25 7.43 7.47 6.98 6.87 7.05 7.08 7.01 6.45 6.31 6.1 5.85 5.97 6.33 6.02 6.04 5.86 5.82 5.78 6.01 5.53 5.33 5.27 5.13 5.01 4.77 4.86 4.84 4.98 4.92 4.72 4.85 4.57 4.6 4.44 4.31 4.4 4.36 4.38 4.19 4.17 3.99 4.28 4.11 4.01 4.01 4.11 3.96 3.85 3.89 3.92 3.75 3.84 3.86 3.84 3.67 3.6 3.76 3.7 3.67 3.56 3.48 3.5 3.5 3.52 3.42 3.44 3.58 3.45 3.42 3.42 3.3 3.23 3.26 3.07 3.14 3.11 3.14 3.05 3.01 3.02}
espresso_resistance_weight {0.0 0.0 0.0 0.0 0.0 0.0 0.0 0.0 0.0 0.0 0.0 0.0 0.0 0.0 0.0 0.0 0.0 0.0 0.0 0.0 0.0 0.0 0.0 0.0 0.0 0.0 0.0 0.0 0.0 0.0 0.0 0.0 0.0 0.0 0.0 0.0 0.0 0.0 0.0 0.0 0.0 0.0 0.0 0.0 0.0 0.0 0.0 0.0 0.0 0.0 0.0 0.0 0.0 0.0 0.0 0.0 0.0 0.0 0.0 0.0 0.0 0.0 0.0 0.0 0.0 0.0 0.0 0.0 0.0 0.0 0.0 0.0 0.0 0.0 0.0 0.0 0.0 0.0 0.0 0.0 0.0 0.0 0.0 0.0 0.0 0.0 0.0 0.0 0.0 0.0 0.0 0.0 0.0 0.0 0.0 0.0 0.0 0.0 0.0 0.0 0.0 0.0 0.0 0.0 0.0 0.0 0.0 0.0 0.0 0.0 0.0 0.0 0.0 0.0 0.0 0.0 0.0 0.0 0.0 0.0 0.0 0.0 0.0 0.0 0.0 0.0 0.0 0.0 0.0 0.0 0.0 0.0 0.0 0.0 0.0 0.0 0.0 0.0 0.0 0.0 0.0 0.0 0.0 0.0 0.0 0.0 0.0 0.0 0.0 0.0 0.0 0.0 0.0 0.0 0.0 0.0 0.0 0.0 0.0 0.0 0.0 0.0 0.0 0.0 0.0 0.0 0.0 0.0 0.0 0.0 0.0 0.0 0.0 0.0 0.0 0.0 0.0 0.0 0.0 0.0 0.0 0.0 0.0}
espresso_state_change {0.0 10000000.0 10000000.0 10000000.0 10000000.0 10000000.0 10000000.0 10000000.0 10000000.0 10000000.0 10000000.0 10000000.0 10000000.0 10000000.0 10000000.0 10000000.0 10000000.0 10000000.0 10000000.0 10000000.0 10000000.0 10000000.0 10000000.0 10000000.0 10000000.0 10000000.0 10000000.0 10000000.0 10000000.0 10000000.0 10000000.0 10000000.0 10000000.0 10000000.0 10000000.0 10000000.0 10000000.0 10000000.0 10000000.0 10000000.0 10000000.0 10000000.0 10000000.0 10000000.0 10000000.0 10000000.0 10000000.0 10000000.0 -10000000.0 -10000000.0 -10000000.0 -10000000.0 -10000000.0 -10000000.0 -10000000.0 -10000000.0 -10000000.0 -10000000.0 -10000000.0 -10000000.0 -10000000.0 -10000000.0 -10000000.0 10000000.0 10000000.0 10000000.0 10000000.0 10000000.0 10000000.0 10000000.0 10000000.0 10000000.0 10000000.0 -10000000.0 -10000000.0 -10000000.0 -10000000.0 -10000000.0 -10000000.0 -10000000.0 -10000000.0 -10000000.0 -10000000.0 -10000000.0 -10000000.0 -10000000.0 -10000000.0 10000000.0 10000000.0 10000000.0 10000000.0 10000000.0 10000000.0 10000000.0 10000000.0 10000000.0 10000000.0 10000000.0 10000000.0 10000000.0 10000000.0 10000000.0 10000000.0 10000000.0 10000000.0 10000000.0 10000000.0 10000000.0 10000000.0 10000000.0 10000000.0 10000000.0 10000000.0 10000000.0 10000000.0 10000000.0 10000000.0 10000000.0 10000000.0 10000000.0 10000000.0 10000000.0 10000000.0 10000000.0 10000000.0 10000000.0 10000000.0 10000000.0 10000000.0 10000000.0 10000000.0 10000000.0 10000000.0 10000000.0 10000000.0 10000000.0 10000000.0 10000000.0 10000000.0 10000000.0 10000000.0 10000000.0 10000000.0 10000000.0 10000000.0 10000000.0 10000000.0 10000000.0 10000000.0 10000000.0 10000000.0 10000000.0 10000000.0 10000000.0 10000000.0 10000000.0 10000000.0 10000000.0 10000000.0 10000000.0 10000000.0 10000000.0 10000000.0 10000000.0 10000000.0 10000000.0 10000000.0 10000000.0 10000000.0 10000000.0 10000000.0 10000000.0 10000000.0 10000000.0 10000000.0 10000000.0 10000000.0 10000000.0 10000000.0 10000000.0 10000000.0 10000000.0 10000000.0}
espresso_pressure_goal {-1.0 -1.0 -1.0 -1.0 -1.0 -1.0 -1.0 -1.0 -1.0 -1.0 -1.0 -1.0 -1.0 -1.0 -1.0 -1.0 -1.0 -1.0 -1.0 -1.0 -1.0 -1.0 -1.0 -1.0 -1.0 -1.0 -1.0 -1.0 -1.0 -1.0 -1.0 -1.0 -1.0 -1.0 -1.0 -1.0 -1.0 -1.0 -1.0 -1.0 -1.0 -1.0 -1.0 -1.0 -1.0 -1.0 -1.0 -1.0 4.125 5.4375 6.3125 6.9375 7.3125 7.5625 7.6875 7.8125 7.875 7.9375 8.0 8.0 8.0 8.0 8.0 8.0625 8.0625 8.0625 8.0625 8.0625 8.0625 8.0625 8.0625 8.0625 8.0625 8.0625 8.0625 8.0625 8.0625 8.0625 8.0625 8.0625 8.0625 8.0625 8.0625 8.0625 8.0625 8.0625 8.0625 7.9375 7.9375 7.9375 7.9375 7.9375 7.9375 7.9375 7.875 7.875 7.875 7.875 7.875 7.8125 7.8125 7.8125 7.8125 7.8125 7.75 7.75 7.75 7.75 7.75 7.75 7.6875 7.6875 7.6875 7.6875 7.6875 7.625 7.625 7.625 7.625 7.625 7.5625 7.5625 7.5625 7.5625 7.5625 7.5625 7.5 7.5 7.5 7.5 7.5 7.4375 7.4375 7.4375 7.4375 7.4375 7.375 7.375 7.375 7.375 7.375 7.375 7.3125 7.3125 7.3125 7.3125 7.3125 7.25 7.25 7.25 7.25 7.25 7.1875 7.1875 7.1875 7.1875 7.1875 7.1875 7.125 7.125 7.125 7.125 7.125 7.0625 7.0625 7.0625 7.0625 7.0625 7.0 7.0 7.0 7.0 7.0 7.0 6.9375 6.9375 6.9375 6.9375 6.9375 6.875 6.875 6.875 6.875}
espresso_flow_goal {-1.0 3.5 3.5 3.5 3.5 3.5 3.5 3.5 3.5 3.5 3.5 3.5 3.5 3.5 3.5 3.5 3.5 3.5 3.5 3.5 3.5 3.5 3.5 3.5 3.5 3.5 3.5 3.5 3.5 3.5 3.5 3.5 3.5 3.5 3.5 3.5 3.5 3.5 3.5 3.5 3.5 3.5 3.5 3.5 3.5 3.5 3.5 3.5 -1.0 -1.0 -1.0 -1.0 -1.0 -1.0 -1.0 -1.0 -1.0 -1.0 -1.0 -1.0 -1.0 -1.0 -1.0 -1.0 -1.0 -1.0 -1.0 -1.0 -1.0 -1.0 -1.0 -1.0 -1.0 -1.0 -1.0 -1.0 -1.0 -1.0 -1.0 -1.0 -1.0 -1.0 -1.0 -1.0 -1.0 -1.0 -1.0 -1.0 -1.0 -1.0 -1.0 -1.0 -1.0 -1.0 -1.0 -1.0 -1.0 -1.0 -1.0 -1.0 -1.0 -1.0 -1.0 -1.0 -1.0 -1.0 -1.0 -1.0 -1.0 -1.0 -1.0 -1.0 -1.0 -1.0 -1.0 -1.0 -1.0 -1.0 -1.0 -1.0 -1.0 -1.0 -1.0 -1.0 -1.0 -1.0 -1.0 -1.0 -1.0 -1.0 -1.0 -1.0 -1.0 -1.0 -1.0 -1.0 -1.0 -1.0 -1.0 -1.0 -1.0 -1.0 -1.0 -1.0 -1.0 -1.0 -1.0 -1.0 -1.0 -1.0 -1.0 -1.0 -1.0 -1.0 -1.0 -1.0 -1.0 -1.0 -1.0 -1.0 -1.0 -1.0 -1.0 -1.0 -1.0 -1.0 -1.0 -1.0 -1.0 -1.0 -1.0 -1.0 -1.0 -1.0 -1.0 -1.0 -1.0 -1.0 -1.0 -1.0 -1.0 -1.0 -1.0}
espresso_temperature_goal {90.0 90.0 90.0 90.0 90.0 90.0 90.0 90.0 90.0 90.0 90.0 90.0 90.0 90.0 90.0 90.0 90.0 90.0 90.0 90.0 90.0 90.0 90.0 90.0 90.0 90.0 90.0 90.0 90.0 90.0 90.0 90.0 90.0 90.0 90.0 90.0 90.0 90.0 90.0 90.0 90.0 90.0 90.0 90.0 90.0 90.0 90.0 90.0 90.0 90.0 90.0 90.0 90.0 90.0 90.0 90.0 90.0 90.0 90.0 90.0 90.0 90.0 90.0 90.0 90.0 90.0 90.0 90.0 90.0 90.0 90.0 90.0 90.0 90.0 90.0 90.0 90.0 90.0 90.0 90.0 90.0 90.0 90.0 90.0 90.0 90.0 90.0 90.0 90.0 90.0 90.0 90.0 90.0 90.0 90.0 90.0 90.0 90.0 90.0 90.0 90.0 90.0 90.0 90.0 90.0 90.0 90.0 90.0 90.0 90.0 90.0 90.0 90.0 90.0 90.0 90.0 90.0 90.0 90.0 90.0 90.0 90.0 90.0 90.0 90.0 90.0 90.0 90.0 90.0 90.0 90.0 90.0 90.0 90.0 90.0 90.0 90.0 90.0 90.0 90.0 90.0 90.0 90.0 90.0 90.0 90.0 90.0 90.0 90.0 90.0 90.0 90.0 90.0 90.0}
