espresso_elapsed {0.0 0.045 0.225 0.449 0.675 0.855 1.08 1.305 1.485 1.71 1.89 2.115 2.34 2.521 2.745 2.97 3.195 3.375 3.555 3.78 4.005 4.184 4.41 4.635 4.859 5.04 5.22 5.444 5.67 5.85 6.075 6.299 6.525 6.705 6.93 7.109 7.334 7.515 7.74 7.965 8.189 8.37 8.594 8.774 8.999 9.179 9.404 9.629 9.854 10.035 10.26 10.44 10.665 10.844 11.069 11.295 11.52 11.699 11.924 12.105 12.33 12.51 12.734 12.96 13.185 13.364 13.59 13.769 13.995 14.22 14.4 14.624 14.85 15.029 15.255 15.434 15.66 15.884 16.064 16.289 16.514 16.695 16.92 17.1 17.324 17.55 17.729 17.954 18.18 18.36 18.585 18.765 18.989 19.215 19.395 19.619 19.844 20.025 20.249 20.43 20.654 20.879 21.059 21.284 21.509 21.69 21.914 22.094 22.319 22.545 22.724 22.949 23.174 23.354 23.579 23.759 23.985 24.21 24.389 24.615 24.839 25.019 25.245 25.425 25.65 25.875 26.054 26.28 26.504 26.684 26.909 27.089 27.314 27.539 27.72 27.944 28.17 28.349 28.574 28.799 29.024 29.205 29.385 29.609 29.835 30.014 30.239 30.464 30.689 30.869 31.049 31.275 31.5 31.679 31.905 32.129 32.353 32.534 32.714 32.939 33.164 33.344 33.614 33.794 34.02 34.199 34.382 34.604 34.829 35.009 35.234 35.459 35.685 35.864 36.089 36.269 36.494 36.719 36.899 37.124 37.349 37.529 37.754 37.934 38.159 38.339 38.564}
espresso_pressure {0.0 0.35 0.43 0.54 0.7 0.69 0.71 0.78 0.72 0.56 0.64 0.51 0.51 0.56 0.5 0.48 0.52 0.48 0.52 0.51 0.49 0.57 0.61 0.65 0.73 0.82 0.92 1.04 1.13 1.24 1.35 1.44 1.53 1.66 1.76 1.9 1.99 2.16 2.35 2.6 2.85 3.14 3.51 4.01 4.6 4.96 5.36 5.8 6.28 6.65 6.98 7.25 7.47 7.68 7.84 7.94 7.98 8.06 8.04 8.11 8.02 8.09 7.96 8.19 8.04 8.06 8.28 8.06 8.12 8.29 8.17 8.15 8.3 8.1 8.12 8.33 8.13 8.17 8.33 8.05 8.19 8.28 8.12 8.28 8.19 8.36 8.22 8.24 8.31 8.24 8.31 8.24 8.17 8.24 8.22 8.26 8.14 8.17 8.23 8.15 8.12 8.15 8.1 8.12 8.1 7.99 8.03 8.06 8.04 7.97 8.0 7.99 7.94 7.96 7.94 7.92 7.89 7.85 7.88 7.9 7.84 7.76 7.83 7.76 7.76 7.77 7.77 7.72 7.67 7.71 7.73 7.62 7.62 7.68 7.63 7.58 7.63 7.53 7.59 7.52 7.5 7.51 7.48 7.49 7.44 7.47 7.42 7.43 7.37 7.43 7.34 7.36 7.33 7.31 7.32 7.32 7.25 7.31 7.23 7.22 7.26 7.18 7.19 7.2 7.15 7.12 7.16 7.09 7.14 7.06 7.1 7.08 7.04 7.01 6.97 7.04 6.96 6.99 6.95 6.93 6.91 6.89 6.88 6.82 6.86 6.82 6.83}
espresso_weight {0.0 0.0 0.0 0.0 0.0 0.0 0.0 0.0 0.0 0.0 0.0 0.0 0.0 0.0 0.0 0.0 0.0 0.0 0.0 0.0 0.0 0.0 0.0 0.0 0.0 0.0 0.0 0.0 0.0 0.0 0.0 0.0 0.0 0.0 0.0 0.0 0.0 0.0 0.0 0.0 0.0 0.0 0.0 0.0 0.0 0.0 0.0 0.0 0.0 0.0 0.0 0.0 0.0 0.0 0.0 0.0 0.0 0.0 0.0 0.0 0.0 0.0 0.0 0.0 0.0 0.0 0.0 0.0 0.0 0.0 0.0 0.0 0.0 0.0 0.0 0.0 0.0 0.0 0.0 0.0 0.0 0.0 0.0 0.0 0.0 0.0 0.0 0.0 0.0 0.0 0.0 0.0 0.0 0.0 0.0 0.0 0.0 0.0 0.0 0.0 0.0 0.0 0.0 0.0 0.0 0.0 0.0 0.0 0.0 0.0 0.0 0.0 0.0 0.0 0.0 0.0 0.0 0.0 0.0 0.0 0.0 0.0 0.0 0.0 0.0 0.0 0.0 0.0 0.0 0.0 0.0 0.0 0.0 0.0 0.0 0.0 0.0 0.0 0.0 0.0 0.0 0.0 0.0 0.0 0.0 0.0 0.0 0.0 0.0 0.0 0.0 0.0 0.0 0.0 0.0 0.0 0.0 0.0 0.0 0.0 0.0 0.0 0.0 0.0 0.0 0.0 0.0 0.0 0.0 0.0 0.0 0.0 0.0 0.0 0.0 0.0 0.0 0.0 0.0 0.0 0.0 0.0 0.0 0.0 0.0 0.0 0.0}
espresso_flow {0.0 3.95 3.83 3.7 3.65 3.62 3.58 3.57 3.61 3.53 3.53 3.55 3.54 3.55 3.52 3.53 3.56 3.48 3.51 3.55 3.51 3.48 3.51 3.52 3.49 3.49 3.47 3.47 3.45 3.49 3.53 3.52 3.5 3.48 3.47 3.47 3.45 3.46 3.46 3.44 3.45 3.47 3.46 3.4 3.22 3.0 2.78 2.55 2.34 2.11 1.94 1.78 1.66 1.47 1.37 1.25 1.14 1.08 0.98 0.91 0.88 0.83 0.86 0.79 0.78 0.82 0.77 0.77 0.76 0.73 0.72 0.77 0.72 0.74 0.76 0.73 0.74 0.8 0.76 0.77 0.82 0.79 0.84 0.82 0.87 0.83 0.83 0.88 0.83 0.83 0.85 0.87 0.9 0.91 0.9 0.9 0.91 0.93 0.93 0.94 0.94 0.92 0.94 0.96 0.97 1.0 1.01 1.01 1.01 1.03 1.04 1.03 1.05 1.05 1.05 1.07 1.1 1.11 1.08 1.05 1.09 1.12 1.12 1.15 1.14 1.13 1.14 1.14 1.17 1.18 1.17 1.17 1.22 1.21 1.2 1.23 1.22 1.24 1.23 1.25 1.28 1.29 1.31 1.32 1.33 1.32 1.34 1.31 1.35 1.34 1.33 1.32 1.34 1.37 1.38 1.35 1.39 1.39 1.39 1.41 1.4 1.39 1.39 1.43 1.44 1.45 1.43 1.49 1.48 1.48 1.47 1.48 1.49 1.48 1.53 1.5 1.53 1.53 1.52 1.52 1.51 1.54 1.55 1.59 1.58 1.61 1.62}
espresso_flow_weight {0.0 0.0 0.0 0.0 0.0 0.0 0.0 0.0 0.0 0.0 0.0 0.0 0.0 0.0 0.0 0.0 0.0 0.0 0.0 0.0 0.0 0.0 0.0 0.0 0.0 0.0 0.0 0.0 0.0 0.0 0.0 0.0 0.0 0.0 0.0 0.0 0.0 0.0 0.0 0.0 0.0 0.0 0.0 0.0 0.0 0.0 0.0 0.0 0.0 0.0 0.0 0.0 0.0 0.0 0.0 0.0 0.0 0.0 0.0 0.0 0.0 0.0 0.0 0.0 0.0 0.0 0.0 0.0 0.0 0.0 0.0 0.0 0.0 0.0 0.0 0.0 0.0 0.0 0.0 0.0 0.0 0.0 0.0 0.0 0.0 0.0 0.0 0.0 0.0 0.0 0.0 0.0 0.0 0.0 0.0 0.0 0.0 0.0 0.0 0.0 0.0 0.0 0.0 0.0 0.0 0.0 0.0 0.0 0.0 0.0 0.0 0.0 0.0 0.0 0.0 0.0 0.0 0.0 0.0 0.0 0.0 0.0 0.0 0.0 0.0 0.0 0.0 0.0 0.0 0.0 0.0 0.0 0.0 0.0 0.0 0.0 0.0 0.0 0.0 0.0 0.0 0.0 0.0 0.0 0.0 0.0 0.0 0.0 0.0 0.0 0.0 0.0 0.0 0.0 0.0 0.0 0.0 0.0 0.0 0.0 0.0 0.0 0.0 0.0 0.0 0.0 0.0 0.0 0.0 0.0 0.0 0.0 0.0 0.0 0.0 0.0 0.0 0.0 0.0 0.0 0.0 0.0 0.0 0.0 0.0 0.0 0.0}
espresso_flow_weight_raw {0.0 0.0 0.0 0.0 0.0 0.0 0.0 0.0 0.0 0.0 0.0 0.0 0.0 0.0 0.0 0.0 0.0 0.0 0.0 0.0 0.0 0.0 0.0 0.0 0.0 0.0 0.0 0.0 0.0 0.0 0.0 0.0 0.0 0.0 0.0 0.0 0.0 0.0 0.0 0.0 0.0 0.0 0.0 0.0 0.0 0.0 0.0 0.0 0.0 0.0 0.0 0.0 0.0 0.0 0.0 0.0 0.0 0.0 0.0 0.0 0.0 0.0 0.0 0.0 0.0 0.0 0.0 0.0 0.0 0.0 0.0 0.0 0.0 0.0 0.0 0.0 0.0 0.0 0.0 0.0 0.0 0.0 0.0 0.0 0.0 0.0 0.0 0.0 0.0 0.0 0.0 0.0 0.0 0.0 0.0 0.0 0.0 0.0 0.0 0.0 0.0 0.0 0.0 0.0 0.0 0.0 0.0 0.0 0.0 0.0 0.0 0.0 0.0 0.0 0.0 0.0 0.0 0.0 0.0 0.0 0.0 0.0 0.0 0.0 0.0 0.0 0.0 0.0 0.0 0.0 0.0 0.0 0.0 0.0 0.0 0.0 0.0 0.0 0.0 0.0 0.0 0.0 0.0 0.0 0.0 0.0 0.0 0.0 0.0 0.0 0.0 0.0 0.0 0.0 0.0 0.0 0.0 0.0 0.0 0.0 0.0 0.0 0.0 0.0 0.0 0.0 0.0 0.0 0.0 0.0 0.0 0.0 0.0 0.0 0.0 0.0 0.0 0.0 0.0 0.0 0.0 0.0 0.0 0.0 0.0 0.0 0.0}
espresso_temperature_basket {90.0 84.4 84.62 84.74 84.67 84.69 84.75 84.74 84.71 84.75 84.75 84.79 84.74 84.8 84.81 84.8 84.81 84.83 85.06 85.37 85.65 85.96 86.29 86.52 86.8 87.02 87.13 87.27 87.41 87.51 87.63 87.68 87.78 87.97 88.07 88.17 88.33 88.39 88.46 88.6 88.59 88.7 88.86 88.92 88.98 89.11 89.16 89.18 89.31 89.33 89.34 89.37 89.41 89.43 89.35 89.48 89.38 89.44 89.44 89.47 89.43 89.44 89.45 89.37 89.37 89.45 89.48 89.44 89.47 89.49 89.41 89.41 89.39 89.4 89.46 89.44 89.33 89.4 89.52 89.42 89.34 89.37 89.43 89.46 89.36 89.33 89.36 89.41 89.35 89.31 89.26 89.34 89.28 89.2 89.27 89.26 89.27 89.2 89.15 89.16 89.16 89.18 89.16 89.14 89.13 89.12 89.03 89.09 89.03 89.08 89.13 89.09 89.08 89.14 89.14 89.14 89.06 89.13 89.23 89.25 89.27 89.22 89.3 89.41 89.41 89.46 89.52 89.47 89.52 89.57 89.71 89.73 89.71 89.77 89.89 89.92 89.92 89.95 89.96 90.11 90.15 90.19 90.26 90.27 90.35 90.39 90.4 90.47 90.58 90.59 90.58 90.66 90.68 90.73 90.7 90.75 90.85 90.79 90.78 90.81 90.85 90.92 90.92 90.94 90.88 90.95 90.97 90.97 91.0 91.03 91.08 91.02 90.98 91.07 91.01 91.06 91.05 91.03 90.97 91.01 90.99 90.93 90.96 90.93 90.93 90.95 90.92}
espresso_temperature_mix {90.0 89.39 88.9 86.43 85.94 86.39 86.95 87.66 88.28 88.77 89.23 89.43 89.59 89.99 90.22 90.41 90.48 90.71 90.95 90.91 90.98 90.98 91.04 90.98 90.91 90.98 90.95 90.81 90.81 90.78 90.71 90.61 90.58 90.58 90.58 90.55 90.29 90.35 90.18 90.09 89.95 89.82 89.66 89.46 89.36 89.43 89.39 89.33 89.2 89.26 89.16 89.07 89.03 88.97 89.0 88.84 88.74 88.67 88.71 88.54 88.54 88.61 88.38 88.31 88.25 88.21 88.12 88.15 88.05 87.92 87.92 87.79 87.66 87.63 87.69 87.59 87.5 87.43 87.5 87.4 87.4 87.4 87.27 87.53 87.43 87.56 87.4 87.53 87.73 87.76 87.76 88.02 87.98 88.15 88.31 88.38 88.54 88.71 88.84 88.93 89.0 89.36 89.43 89.39 89.59 89.86 89.89 89.99 90.05 90.22 90.32 90.41 90.48 90.71 90.84 90.95 90.98 91.14 91.24 91.34 91.38 91.51 91.64 91.64 91.71 91.94 91.94 92.14 92.21 92.18 92.21 92.24 92.38 92.51 92.54 92.61 92.54 92.71 92.75 92.81 92.61 92.75 92.81 92.71 92.54 92.54 92.64 92.75 92.61 92.58 92.64 92.58 92.61 92.54 92.48 92.51 92.41 92.28 92.28 92.07 92.07 91.98 91.94 91.78 91.68 91.71 91.68 91.57 91.41 91.54 91.41 91.48 91.24 91.24 91.18 91.11 91.08 91.01 91.01 90.88 90.88 90.81 90.78 90.75 90.81 90.75 90.75}
espresso_water_dispensed {0.0 0.08223470052083334 0.16208902994791669 0.23921712239583337 0.31532796223958337 0.3907470703125 0.46535746256510424 0.5398000081380209 0.6150156656901042 0.6886189778645835 0.7622222900390626 0.8362019856770835 0.9099070231119794 0.983861287434896 1.0572611490885417 1.1308848063151042 1.205057779947917 1.2775777180989585 1.3507639567057295 1.4247334798177085 1.4979146321614585 1.570470174153646 1.643524169921875 1.7168477376302083 1.7895609537760415 1.8621978759765623 1.9345753987630205 2.006947835286458 2.0789133707682286 2.1517079671223955 2.2252146402994786 2.2984924316406246 2.3713684082031246 2.443888346354166 2.5160827636718746 2.5882873535156246 2.660263061523437 2.732371012369791 2.8045349121093746 2.876139322916666 2.948074340820312 3.0202891031901036 3.092417399088541 3.163253784179687 3.2302500406901036 3.292714436848958 3.3505605061848955 3.4036610921223955 3.4523264567057286 3.4963734944661455 3.5368296305338536 3.5739491780598955 3.6086171468098955 3.639328002929687 3.667805989583333 3.6939086914062496 3.717732747395833 3.740280151367187 3.7606862386067705 3.779561360677083 3.7979075113932286 3.815144856770833 3.833109537760416 3.849497477213541 3.865743001302083 3.882883707682291 3.8989868164062496 3.9150746663411455 3.9310048421223955 3.9462076822916665 3.9612477620442705 3.977289835611979 3.992238362630208 4.007680257161458 4.023468017578124 4.038736979166666 4.054148356119791 4.070719401041666 4.086466471354166 4.102518717447916 4.119517008463541 4.136062622070312 4.153666178385416 4.170664469401041 4.1887868245442705 4.206013997395833 4.223383585611979 4.241800944010416 4.259195963541666 4.276519775390624 4.294230143229166 4.312281290690104 4.331013997395833 4.349945068359374 4.368764241536458 4.387491861979166 4.406550089518229 4.426010131835937 4.445353190104166 4.464864095052083 4.4845021565755205 4.503687540690104 4.523356119791666 4.5434315999348955 4.563588460286458 4.5843861897786455 4.605494181315104 4.626556396484374 4.6475880940755205 4.669118245442708 4.690745035807291 4.712295532226562 4.734232584635416 4.756088256835937 4.778060913085937 4.80029805501302 4.82312520345052 4.846313476562499 4.86884053548177 4.890777587890624 4.913533528645832 4.936848958333332 4.960276285807291 4.984166463216145 5.007944742838541 5.031539916992187 5.055384318033854 5.079086303710937 5.103485107421874 5.128163655598957 5.152506510416665 5.176976521809895 5.202407836914062 5.227533976236979 5.252563476562499 5.278238932291666 5.303634643554687 5.329508463541666 5.355148315429687 5.381205240885416 5.407867431640624 5.43475850423177 5.461995442708332 5.48956807454427 5.517242431640624 5.544774373372395 5.572682698567707 5.600077311197915 5.62818400065104 5.65607198079427 5.683858235677082 5.71130879720052 5.73920694986979 5.76782735188802 5.796564737955728 5.824620564778645 5.853480021158853 5.882436116536457 5.911376953124999 5.940826416015624 5.970052083333332 5.999074300130207 6.02808125813802 6.05787150065104 6.087768554687499 6.117909749348957 6.14777119954427 6.178746541341145 6.209493001302082 6.240229288736977 6.270945231119789 6.301706949869789 6.332661946614582 6.36354064941406 6.395319620768227 6.426666259765622 6.458455403645832 6.490392049153645 6.522033691406247 6.553644816080727 6.585194905598955 6.61720275878906 6.649398803710935 6.682586669921872 6.715571085611976 6.749114990234372 6.782938639322913}
espresso_pressure_delta {0.0 0.0008572048611111111 0.00037000868055555555 0.0002327220211581292 0.0002463107638888889 1.2278417397660819e-5 1.9214771412037038e-5 4.9202286877394636e-5 4.093671085858586e-5 9.165981359649123e-5 4.017340443121693e-5 6.152574615839243e-5 9.390024038461539e-7 2.0433824623165412e-5 2.170138888888889e-5 6.329571759259259e-6 1.3448748043818466e-5 1.1863425925925925e-5 1.1537447257383966e-5 4.521122685185185e-6 4.389044943820225e-6 1.913913121414914e-5 8.414824263038548e-6 9.586535868392665e-6 1.6681351615558757e-5 1.7826140873015874e-5 1.9362877155172415e-5 2.2198679165135928e-5 1.5931575176366842e-5 1.7444577991452992e-5 1.8044302983539095e-5 1.4689521650261947e-5 1.3282746647509578e-5 2.079109573079791e-5 1.4162270021645022e-5 1.8922701417217612e-5 1.20505735274066e-5 2.306584747172322e-5 2.4571776082041343e-5 3.181644303201507e-5 3.07076375320552e-5 3.4098015606332136e-5 4.2953295904119153e-5 5.679177292284021e-5 6.54640880236693e-5 3.9550834445473364e-5 4.223913195182901e-5 4.6044176446152246e-5 4.898173489192206e-5 3.649336696562033e-5 3.2433106420565305e-5 2.6121176065613026e-5 2.046523382559775e-5 1.9114292754057545e-5 1.477768712169121e-5 8.516282093846835e-6 3.7935045030381945e-6 6.3022881229164885e-6 1.064685717879906e-6 5.3245043370508054e-6 7.147993967964315e-6 5.913238159472422e-6 1.0372237955473536e-5 1.7557026427469135e-5 1.1313608029958286e-5 1.1143802847201437e-6 1.6276041666666666e-5 1.572755714830416e-5 4.221652822436584e-6 1.2344381812587905e-5 8.544921875e-6 1.1686162301695842e-6 9.831386784511784e-6 1.3369334910839045e-5 1.3923457472959686e-6 1.3477245853310873e-5 1.2705913753192847e-5 2.5207166016116847e-6 9.741916124564243e-6 1.6996468091963903e-5 8.205040987949619e-6 5.483841531895777e-6 9.26349179964539e-6 9.294476425438596e-6 5.327012020895867e-6 9.807358440170941e-6 7.849295293022731e-6 1.2238306923248301e-6 3.961577798404841e-6 4.1487949346405225e-6 3.822702280064568e-6 3.3957209232613907e-6 3.9727975735952396e-6 3.544899004683841e-6 1.00702500644496e-6 2.314600960803303e-6 6.06537634171538e-6 1.3167134831460674e-6 2.929832183070769e-6 3.91963411649535e-6 1.3357165984797133e-6 1.4967191915321614e-6 2.550498005603305e-6 9.061787904059388e-7 8.285957331814589e-7 4.94134321692024e-6 1.659986909053573e-6 1.5912125463926858e-6 1.00635949191272e-6 3.292027056997117e-6 1.3429668247227601e-6 4.4681276961959126e-7 1.9489952371191855e-6 7.004120011561189e-7 6.316034660078884e-7 1.2022582231996297e-6 1.2214665415884928e-6 1.4622218349855431e-6 1.1712023094427815e-6 7.835510613447086e-7 2.1918498882805268e-6 3.5715044066509454e-6 3.1430264656367595e-6 3.063160644051131e-6 1.0469968323586745e-7 2.3588466183574879e-7 2.1552292834113764e-7 1.8951555365296803e-6 1.9067729163522487e-6 1.2900550189251987e-6 1.0615204253223829e-6 4.0105791326737794e-6 1.6982762960386615e-7 2.1365296715567013e-6 1.8495501893939394e-6 1.7648298829802462e-6 1.776671214944977e-6 3.4275624801580304e-6 1.905346096976272e-6 2.1363046459946526e-6 7.991096807814223e-7 2.0898872196541688e-7 9.388426280415178e-7 4.535017857745956e-7 1.7593509091670857e-6 1.0086438828546678e-6 1.8488773810311187e-6 6.411255908613446e-7 2.0683815862361107e-6 1.7715993391428294e-6 2.689171752713453e-6 4.5276278976818545e-7 8.370535714285714e-7 7.552568341803719e-7 3.7495347516063314e-7 1.139814303277413e-7 2.0751915394244736e-6 1.6884379610561258e-6 2.5299159954453752e-6 1.0376662163392939e-7 1.082157516433482e-6 2.460150251919386e-6 4.0673157017909206e-7 1.6616069050719064e-7 1.2702201829805997e-6 9.994352905055703e-7 1.0722248378512013e-6 1.9472550138712286e-6 1.4229678393005829e-6 2.350121129566683e-6 1.2818872573366634e-6 6.19663731351702e-7 1.1835877294381393e-6 7.760436998103948e-7 9.94449053035551e-7 1.8376682738702474e-6 2.1006235614073547e-6 7.579735627331899e-7 1.2438938047101548e-6 4.274631134845383e-7 4.248879655412461e-7 5.464524101361613e-7 3.2979742212745667e-7 1.5188798307586862e-6 9.149115379071778e-7 1.0252390679203944e-6 3.2920113318120527e-7}
espresso_flow_delta_negative 0.0
espresso_flow_delta_negative_2x 0.0
espresso_resistance {0.0 0.02 0.03 0.04 0.05 0.05 0.06 0.06 0.05 0.04 0.05 0.04 0.04 0.04 0.04 0.04 0.04 0.04 0.04 0.04 0.04 0.05 0.05 0.05 0.06 0.07 0.08 0.09 0.1 0.1 0.11 0.12 0.12 0.14 0.15 0.16 0.17 0.18 0.2 0.22 0.24 0.26 0.29 0.35 0.44 0.55 0.69 0.89 1.15 1.49 1.85 2.29 2.7 3.53 4.2 5.06 6.1 6.88 8.38 9.88 10.34 11.82 10.71 13.24 13.22 11.9 13.85 13.52 13.89 15.58 15.68 13.75 16.12 14.74 14.14 15.51 14.86 12.91 14.57 13.56 12.3 13.12 11.37 12.44 10.82 12.22 11.82 10.55 11.93 11.91 11.5 10.98 10.1 9.98 10.07 10.23 9.73 9.36 9.55 9.29 9.14 9.61 9.09 8.74 8.65 8.02 7.82 7.89 7.89 7.46 7.42 7.47 7.16 7.23 7.14 6.95 6.57 6.34 6.74 7.12 6.57 6.19 6.2 5.9 5.96 6.05 5.93 5.97 5.59 5.49 5.66 5.53 5.11 5.28 5.28 4.99 5.13 4.88 5.01 4.81 4.58 4.51 4.38 4.28 4.22 4.28 4.13 4.3 4.05 4.14 4.13 4.24 4.09 3.87 3.85 4.04 3.78 3.78 3.74 3.61 3.69 3.7 3.71 3.52 3.47 3.4 3.48 3.21 3.28 3.24 3.27 3.25 3.19 3.19 3.0 3.11 2.99 2.97 3.01 3.01 3.01 2.92 2.88 2.69 2.74 2.63 2.59}
espresso_resistance_weight {0.0 0.0 0.0 0.0 0.0 0.0 0.0 0.0 0.0 0.0 0.0 0.0 0.0 0.0 0.0 0.0 0.0 0.0 0.0 0.0 0.0 0.0 0.0 0.0 0.0 0.0 0.0 0.0 0.0 0.0 0.0 0.0 0.0 0.0 0.0 0.0 0.0 0.0 0.0 0.0 0.0 0.0 0.0 0.0 0.0 0.0 0.0 0.0 0.0 0.0 0.0 0.0 0.0 0.0 0.0 0.0 0.0 0.0 0.0 0.0 0.0 0.0 0.0 0.0 0.0 0.0 0.0 0.0 0.0 0.0 0.0 0.0 0.0 0.0 0.0 0.0 0.0 0.0 0.0 0.0 0.0 0.0 0.0 0.0 0.0 0.0 0.0 0.0 0.0 0.0 0.0 0.0 0.0 0.0 0.0 0.0 0.0 0.0 0.0 0.0 0.0 0.0 0.0 0.0 0.0 0.0 0.0 0.0 0.0 0.0 0.0 0.0 0.0 0.0 0.0 0.0 0.0 0.0 0.0 0.0 0.0 0.0 0.0 0.0 0.0 0.0 0.0 0.0 0.0 0.0 0.0 0.0 0.0 0.0 0.0 0.0 0.0 0.0 0.0 0.0 0.0 0.0 0.0 0.0 0.0 0.0 0.0 0.0 0.0 0.0 0.0 0.0 0.0 0.0 0.0 0.0 0.0 0.0 0.0 0.0 0.0 0.0 0.0 0.0 0.0 0.0 0.0 0.0 0.0 0.0 0.0 0.0 0.0 0.0 0.0 0.0 0.0 0.0 0.0 0.0 0.0 0.0 0.0 0.0 0.0 0.0 0.0}
espresso_state_change {0.0 10000000.0 10000000.0 10000000.0 10000000.0 10000000.0 10000000.0 10000000.0 10000000.0 10000000.0 10000000.0 10000000.0 10000000.0 10000000.0 10000000.0 10000000.0 10000000.0 10000000.0 10000000.0 10000000.0 10000000.0 10000000.0 10000000.0 10000000.0 10000000.0 10000000.0 10000000.0 10000000.0 10000000.0 10000000.0 10000000.0 10000000.0 10000000.0 10000000.0 10000000.0 10000000.0 10000000.0 10000000.0 10000000.0 10000000.0 10000000.0 10000000.0 -10000000.0 -10000000.0 -10000000.0 -10000000.0 -10000000.0 -10000000.0 -10000000.0 -10000000.0 -10000000.0 -10000000.0 -10000000.0 -10000000.0 -10000000.0 -10000000.0 -10000000.0 10000000.0 10000000.0 10000000.0 10000000.0 10000000.0 10000000.0 10000000.0 10000000.0 10000000.0 10000000.0 -10000000.0 -10000000.0 -10000000.0 -10000000.0 -10000000.0 -10000000.0 -10000000.0 -10000000.0 -10000000.0 -10000000.0 -10000000.0 -10000000.0 -10000000.0 -10000000.0 10000000.0 10000000.0 10000000.0 10000000.0 10000000.0 10000000.0 10000000.0 10000000.0 10000000.0 10000000.0 10000000.0 10000000.0 10000000.0 10000000.0 10000000.0 10000000.0 10000000.0 10000000.0 10000000.0 10000000.0 10000000.0 10000000.0 10000000.0 10000000.0 10000000.0 10000000.0 10000000.0 10000000.0 10000000.0 10000000.0 10000000.0 10000000.0 10000000.0 10000000.0 10000000.0 10000000.0 10000000.0 10000000.0 10000000.0 10000000.0 10000000.0 10000000.0 10000000.0 10000000.0 10000000.0 10000000.0 10000000.0 10000000.0 10000000.0 10000000.0 10000000.0 10000000.0 10000000.0 10000000.0 10000000.0 10000000.0 10000000.0 10000000.0 10000000.0 10000000.0 10000000.0 10000000.0 10000000.0 10000000.0 10000000.0 10000000.0 10000000.0 10000000.0 10000000.0 10000000.0 10000000.0 10000000.0 10000000.0 10000000.0 10000000.0 10000000.0 10000000.0 10000000.0 10000000.0 10000000.0 10000000.0 10000000.0 10000000.0 10000000.0 10000000.0 10000000.0 10000000.0 10000000.0 10000000.0 10000000.0 10000000.0 10000000.0 10000000.0 10000000.0 10000000.0 10000000.0 10000000.0 10000000.0 10000000.0 10000000.0 10000000.0 10000000.0 10000000.0 10000000.0 10000000.0 10000000.0}
espresso_pressure_goal {-1.0 -1.0 -1.0 -1.0 -1.0 -1.0 -1.0 -1.0 -1.0 -1.0 -1.0 -1.0 -1.0 -1.0 -1.0 -1.0 -1.0 -1.0 -1.0 -1.0 -1.0 -1.0 -1.0 -1.0 -1.0 -1.0 -1.0 -1.0 -1.0 -1.0 -1.0 -1.0 -1.0 -1.0 -1.0 -1.0 -1.0 -1.0 -1.0 -1.0 -1.0 -1.0 4.25 5.5625 6.5 7.0625 7.5 7.75 7.875 8.0 8.0625 8.125 8.1875 8.1875 8.1875 8.1875 8.1875 7.875 8.0 8.0625 8.125 8.1875 8.1875 8.1875 8.1875 8.1875 8.1875 8.25 8.25 8.25 8.25 8.25 8.25 8.25 8.25 8.25 8.25 8.25 8.25 8.25 8.25 8.375 8.3125 8.3125 8.3125 8.3125 8.3125 8.3125 8.25 8.25 8.25 8.25 8.1875 8.1875 8.1875 8.1875 8.125 8.125 8.125 8.125 8.0625 8.0625 8.0625 8.0625 8.0 8.0 8.0 8.0 7.9375 7.9375 7.9375 7.9375 7.875 7.875 7.875 7.875 7.8125 7.8125 7.8125 7.8125 7.75 7.75 7.75 7.75 7.6875 7.6875 7.6875 7.6875 7.625 7.625 7.625 7.625 7.5625 7.5625 7.5625 7.5625 7.5 7.5 7.5 7.5 7.4375 7.4375 7.4375 7.4375 7.375 7.375 7.375 7.375 7.3125 7.3125 7.3125 7.3125 7.3125 7.25 7.25 7.25 7.25 7.1875 7.1875 7.1875 7.1875 7.125 7.125 7.125 7.125 7.0625 7.0625 7.0625 7.0625 7.0 7.0 7.0 7.0 6.9375 6.9375 6.9375 6.9375 6.875 6.875 6.875 6.875 6.8125 6.8125 6.8125 6.8125 6.75 6.75}
espresso_flow_goal {-1.0 3.5 3.5 3.5 3.5 3.5 3.5 3.5 3.5 3.5 3.5 3.5 3.5 3.5 3.5 3.5 3.5 3.5 3.5 3.5 3.5 3.5 3.5 3.5 3.5 3.5 3.5 3.5 3.5 3.5 3.5 3.5 3.5 3.5 3.5 3.5 3.5 3.5 3.5 3.5 3.5 3.5 -1.0 -1.0 -1.0 -1.0 -1.0 -1.0 -1.0 -1.0 -1.0 -1.0 -1.0 -1.0 -1.0 -1.0 -1.0 -1.0 -1.0 -1.0 -1.0 -1.0 -1.0 -1.0 -1.0 -1.0 -1.0 -1.0 -1.0 -1.0 -1.0 -1.0 -1.0 -1.0 -1.0 -1.0 -1.0 -1.0 -1.0 -1.0 -1.0 -1.0 -1.0 -1.0 -1.0 -1.0 -1.0 -1.0 -1.0 -1.0 -1.0 -1.0 -1.0 -1.0 -1.0 -1.0 -1.0 -1.0 -1.0 -1.0 -1.0 -1.0 -1.0 -1.0 -1.0 -1.0 -1.0 -1.0 -1.0 -1.0 -1.0 -1.0 -1.0 -1.0 -1.0 -1.0 -1.0 -1.0 -1.0 -1.0 -1.0 -1.0 -1.0 -1.0 -1.0 -1.0 -1.0 -1.0 -1.0 -1.0 -1.0 -1.0 -1.0 -1.0 -1.0 -1.0 -1.0 -1.0 -1.0 -1.0 -1.0 -1.0 -1.0 -1.0 -1.0 -1.0 -1.0 -1.0 -1.0 -1.0 -1.0 -1.0 -1.0 -1.0 -1.0 -1.0 -1.0 -1.0 -1.0 -1.0 -1.0 -1.0 -1.0 -1.0 -1.0 -1.0 -1.0 -1.0 -1.0 -1.0 -1.0 -1.0 -1.0 -1.0 -1.0 -1.0 -1.0 -1.0 -1.0 -1.0 -1.0 -1.0 -1.0 -1.0 -1.0 -1.0 -1.0}
espresso_temperature_goal {90.0 90.0 90.0 90.0 90.0 90.0 90.0 90.0 90.0 90.0 90.0 90.0 90.0 90.0 90.0 90.0 90.0 90.0 90.0 90.0 90.0 90.0 90.0 90.0 90.0 90.0 90.0 90.0 90.0 90.0 90.0 90.0 90.0 90.0 90.0 90.0 90.0 90.0 90.0 90.0 90.0 90.0 90.0 90.0 90.0 90.0 90.0 90.0 90.0 90.0 90.0 90.0 90.0 90.0 90.0 90.0 90.0 90.0 90.0 90.0 90.0 90.0 90.0 90.0 90.0 90.0 90.0 90.0 90.0 90.0 90.0 90.0 90.0 90.0 90.0 90.0 90.0 90.0 90.0 90.0 90.0 90.0 90.0 90.0 90.0 90.0 90.0 90.0 90.0 90.0 90.0 90.0 90.0 90.0 90.0 90.0 90.0 90.0 90.0 90.0 90.0 90.0 90.0 90.0 90.0 90.0 90.0 90.0 90.0 90.0 90.0 90.0 90.0 90.0 90.0 90.0 90.0 90.0 90.0 90.0 90.0 90.0 90.0 90.0 90.0 90.0 90.0 90.0 90.0 90.0 90.0 90.0 90.0 90.0 90.0 90.0 90.0 90.0 90.0 90.0 90.0 90.0 90.0 90.0 90.0 90.0 90.0 90.0 90.0 90.0 90.0 90.0 90.0 90.0} 
