espresso_elapsed {0.0 0.005 0.224 0.449 0.629 0.854 1.034 1.259 1.484 1.664 1.888 2.114 2.293 2.518 2.699 2.924 3.149 3.328 3.553 3.779 3.959 4.184 4.364 4.588 4.813 4.994 5.219 5.443 5.624 5.849 6.029 6.253 6.478 6.659 6.884 7.108 7.288 7.514 7.693 7.918 8.144 8.324 8.549 8.774 8.954 9.179 9.359 9.583 9.808 9.996 10.213 10.438 10.619 10.843 11.024 11.248 11.473 11.654 11.878 12.103 12.283 12.508 12.689 12.913 13.139 13.318 13.543 13.769 13.949 14.174 14.353 14.578 14.803 14.983 15.209 15.433 15.614 15.839 16.063 16.289 16.468 16.649 16.873 17.098 17.279 17.504 17.728 17.909 18.134 18.313 18.538 18.764 18.943 19.169 19.393 19.618 19.798 19.978 20.204 20.473 20.608 20.834 21.058 21.284 21.464 21.643 21.869 22.093 22.273 22.498 22.723 22.948 23.128 23.308 23.534 23.759 23.939 24.164 24.389 24.614 24.793 25.019 25.198 25.423 25.604 25.829 26.054 26.278 26.458 26.683 26.863 27.088 27.268 27.493 27.764 27.944 28.124 28.349 28.528 28.753 28.933 29.158 29.383 29.608 29.788 30.013 30.193 30.418 30.598 30.823 31.048 31.273 31.453 31.678 31.858 32.083 32.308 32.488 32.713 32.938 33.118 33.343 33.523 33.793 33.973 34.153 34.378 34.603 34.783 35.008 35.189 35.413 35.638 35.818 36.044}
espresso_pressure {0.0 0.25 0.24 0.45 0.52 0.45 0.54 0.4 0.38 0.34 0.42 0.37 0.36 0.39 0.35 0.3 0.44 0.38 0.28 0.29 0.37 0.32 0.23 0.27 0.23 0.28 0.27 0.28 0.29 0.3 0.3 0.33 0.25 0.27 0.35 0.47 0.43 0.34 0.41 0.47 0.46 0.52 0.62 0.57 0.54 0.57 0.59 0.55 0.55 0.57 0.62 0.88 1.46 1.94 2.69 3.72 5.15 6.85 7.86 8.11 8.31 8.29 8.41 8.39 8.4 8.52 8.22 8.41 8.49 8.26 8.27 8.52 8.41 8.29 8.36 8.48 8.46 8.31 8.31 8.36 8.37 8.37 8.55 8.37 8.29 8.36 8.38 8.39 8.34 8.38 8.39 8.36 8.35 8.51 8.44 8.23 8.33 8.36 8.4 8.42 8.4 8.2 8.42 8.35 8.35 8.34 8.37 8.42 8.28 8.4 8.38 8.29 8.39 8.44 8.31 8.4 8.35 8.37 8.39 8.35 8.35 8.38 8.33 8.36 8.37 8.34 8.36 8.3 8.32 8.31 8.27 8.29 8.27 8.21 8.23 8.18 8.22 8.19 8.19 8.14 8.13 8.08 8.1 8.09 8.04 8.02 8.09 8.01 8.03 7.99 7.98 8.0 7.93 7.92 7.91 7.87 7.86 7.88 7.81 7.84 7.84 7.81 7.79 7.77 7.73 7.76 7.68 7.67 7.7 7.68 7.65 7.63 7.57 7.62 7.61}
espresso_weight {0.0 0.0 0.0 0.0 0.0 0.0 0.0 0.0 0.0 0.0 0.0 0.0 0.0 0.0 0.0 0.0 0.0 0.0 0.0 0.0 0.0 0.0 0.0 0.0 0.0 0.0 0.0 0.0 0.0 0.0 0.0 0.0 0.0 0.0 0.0 0.0 0.0 0.0 0.0 0.0 0.0 0.0 0.0 0.0 0.0 0.0 0.0 0.0 0.0 0.0 0.0 0.0 0.0 0.0 0.0 0.0 0.0 0.0 0.0 0.0 0.0 0.0 0.0 0.0 0.0 0.0 0.0 0.0 0.0 0.0 0.0 0.0 0.0 0.0 0.0 0.0 0.0 0.0 0.0 0.0 0.0 0.0 0.0 0.0 0.0 0.0 0.0 0.0 0.0 0.0 0.0 0.0 0.0 0.0 0.0 0.0 0.0 0.0 0.0 0.0 0.0 0.0 0.0 0.0 0.0 0.0 0.0 0.0 0.0 0.0 0.0 0.0 0.0 0.0 0.0 0.0 0.0 0.0 0.0 0.0 0.0 0.0 0.0 0.0 0.0 0.0 0.0 0.0 0.0 0.0 0.0 0.0 0.0 0.0 0.0 0.0 0.0 0.0 0.0 0.0 0.0 0.0 0.0 0.0 0.0 0.0 0.0 0.0 0.0 0.0 0.0 0.0 0.0 0.0 0.0 0.0 0.0 0.0 0.0 0.0 0.0 0.0 0.0 0.0 0.0 0.0 0.0 0.0 0.0 0.0 0.0 0.0 0.0 0.0 0.0}
espresso_flow {0.0 3.84 3.43 3.14 2.96 2.77 2.73 2.63 2.61 2.55 2.58 2.55 2.5 2.52 2.53 2.48 2.49 2.55 2.54 2.5 2.46 2.5 2.49 2.48 2.54 2.52 2.54 2.49 2.49 2.52 2.53 2.52 2.56 2.54 2.53 2.52 2.5 2.48 2.47 2.49 2.49 2.51 2.47 2.47 2.49 2.48 2.52 2.48 2.49 2.56 3.11 4.08 4.9 5.5 5.9 6.05 5.92 5.3 4.46 3.7 3.02 2.53 2.09 1.76 1.5 1.23 1.09 0.96 0.82 0.73 0.71 0.64 0.57 0.53 0.55 0.51 0.48 0.49 0.49 0.51 0.5 0.53 0.5 0.51 0.51 0.54 0.55 0.54 0.57 0.58 0.59 0.59 0.63 0.62 0.62 0.65 0.67 0.68 0.69 0.71 0.7 0.75 0.73 0.78 0.76 0.82 0.82 0.8 0.84 0.83 0.83 0.84 0.87 0.88 0.91 0.9 0.91 0.94 0.97 0.96 0.97 0.99 1.02 1.03 1.02 1.04 1.05 1.08 1.09 1.11 1.12 1.15 1.13 1.14 1.15 1.18 1.17 1.18 1.16 1.18 1.2 1.26 1.26 1.26 1.31 1.31 1.29 1.3 1.32 1.33 1.36 1.34 1.36 1.36 1.39 1.39 1.43 1.42 1.46 1.46 1.46 1.48 1.48 1.47 1.51 1.5 1.5 1.53 1.53 1.54 1.56 1.57 1.61 1.61 1.61}
espresso_flow_weight {0.0 0.0 0.0 0.0 0.0 0.0 0.0 0.0 0.0 0.0 0.0 0.0 0.0 0.0 0.0 0.0 0.0 0.0 0.0 0.0 0.0 0.0 0.0 0.0 0.0 0.0 0.0 0.0 0.0 0.0 0.0 0.0 0.0 0.0 0.0 0.0 0.0 0.0 0.0 0.0 0.0 0.0 0.0 0.0 0.0 0.0 0.0 0.0 0.0 0.0 0.0 0.0 0.0 0.0 0.0 0.0 0.0 0.0 0.0 0.0 0.0 0.0 0.0 0.0 0.0 0.0 0.0 0.0 0.0 0.0 0.0 0.0 0.0 0.0 0.0 0.0 0.0 0.0 0.0 0.0 0.0 0.0 0.0 0.0 0.0 0.0 0.0 0.0 0.0 0.0 0.0 0.0 0.0 0.0 0.0 0.0 0.0 0.0 0.0 0.0 0.0 0.0 0.0 0.0 0.0 0.0 0.0 0.0 0.0 0.0 0.0 0.0 0.0 0.0 0.0 0.0 0.0 0.0 0.0 0.0 0.0 0.0 0.0 0.0 0.0 0.0 0.0 0.0 0.0 0.0 0.0 0.0 0.0 0.0 0.0 0.0 0.0 0.0 0.0 0.0 0.0 0.0 0.0 0.0 0.0 0.0 0.0 0.0 0.0 0.0 0.0 0.0 0.0 0.0 0.0 0.0 0.0 0.0 0.0 0.0 0.0 0.0 0.0 0.0 0.0 0.0 0.0 0.0 0.0 0.0 0.0 0.0 0.0 0.0 0.0}
espresso_flow_weight_raw {0.0 0.0 0.0 0.0 0.0 0.0 0.0 0.0 0.0 0.0 0.0 0.0 0.0 0.0 0.0 0.0 0.0 0.0 0.0 0.0 0.0 0.0 0.0 0.0 0.0 0.0 0.0 0.0 0.0 0.0 0.0 0.0 0.0 0.0 0.0 0.0 0.0 0.0 0.0 0.0 0.0 0.0 0.0 0.0 0.0 0.0 0.0 0.0 0.0 0.0 0.0 0.0 0.0 0.0 0.0 0.0 0.0 0.0 0.0 0.0 0.0 0.0 0.0 0.0 0.0 0.0 0.0 0.0 0.0 0.0 0.0 0.0 0.0 0.0 0.0 0.0 0.0 0.0 0.0 0.0 0.0 0.0 0.0 0.0 0.0 0.0 0.0 0.0 0.0 0.0 0.0 0.0 0.0 0.0 0.0 0.0 0.0 0.0 0.0 0.0 0.0 0.0 0.0 0.0 0.0 0.0 0.0 0.0 0.0 0.0 0.0 0.0 0.0 0.0 0.0 0.0 0.0 0.0 0.0 0.0 0.0 0.0 0.0 0.0 0.0 0.0 0.0 0.0 0.0 0.0 0.0 0.0 0.0 0.0 0.0 0.0 0.0 0.0 0.0 0.0 0.0 0.0 0.0 0.0 0.0 0.0 0.0 0.0 0.0 0.0 0.0 0.0 0.0 0.0 0.0 0.0 0.0 0.0 0.0 0.0 0.0 0.0 0.0 0.0 0.0 0.0 0.0 0.0 0.0 0.0 0.0 0.0 0.0 0.0 0.0}
espresso_temperature_basket {90.0 82.24 82.5 82.55 82.49 82.5 82.51 82.41 82.12 81.77 81.65 81.69 81.99 82.28 82.56 82.9 83.3 83.66 84.08 84.43 84.78 85.11 85.57 85.97 86.25 86.56 86.88 87.21 87.4 87.74 87.96 88.15 88.25 88.36 88.49 88.62 88.69 88.82 88.92 89.01 89.06 89.23 89.36 89.33 89.38 89.47 89.51 89.57 89.64 89.77 89.81 89.8 89.87 89.9 89.92 89.95 89.91 89.92 89.96 89.97 89.89 89.87 89.93 89.95 89.89 89.92 89.94 89.93 89.9 89.91 89.92 89.92 89.92 89.88 89.91 89.91 89.99 89.91 89.91 89.89 89.88 89.85 89.94 89.98 89.87 89.86 89.87 89.99 89.9 89.86 89.85 89.84 89.84 89.87 89.88 89.89 89.85 89.83 89.81 89.77 89.78 89.81 89.75 89.82 89.76 89.77 89.73 89.69 89.7 89.63 89.66 89.71 89.62 89.6 89.57 89.54 89.5 89.5 89.4 89.4 89.37 89.38 89.27 89.27 89.25 89.13 89.19 89.21 89.13 89.16 89.2 89.13 89.11 89.18 89.17 89.16 89.16 89.21 89.21 89.2 89.28 89.34 89.32 89.34 89.37 89.43 89.51 89.54 89.61 89.68 89.68 89.72 89.79 89.83 89.93 90.03 90.07 90.12 90.08 90.15 90.24 90.31 90.41 90.39 90.43 90.51 90.52 90.64 90.64 90.68 90.83 90.77 90.78 90.85 90.84}
espresso_temperature_mix {90.0 90.35 87.56 83.24 83.02 83.91 84.91 85.75 86.65 87.56 88.41 89.1 89.56 90.15 90.55 90.91 91.14 91.38 91.51 91.64 91.71 91.68 91.84 91.81 91.88 91.88 91.88 91.74 91.77 91.74 91.81 91.64 91.68 91.68 91.61 91.54 91.54 91.48 91.48 91.31 91.31 91.28 91.18 91.08 90.91 90.84 90.55 90.28 90.18 90.02 89.79 89.56 89.3 89.23 89.46 89.69 89.95 90.15 90.28 90.15 90.18 90.12 90.02 89.82 89.82 89.72 89.69 89.62 89.39 89.26 89.36 89.0 88.97 88.9 88.8 88.67 88.57 88.54 88.35 88.25 88.21 88.05 88.02 87.7 87.7 87.66 87.46 87.37 87.24 87.27 87.01 86.85 86.85 86.79 86.65 86.52 86.59 86.52 86.46 86.49 86.49 86.62 86.56 86.56 86.69 86.72 86.82 86.88 87.11 87.27 87.5 87.56 87.79 88.05 88.21 88.48 88.71 88.87 89.1 89.13 89.53 89.69 89.86 90.02 90.18 90.35 90.48 90.68 90.78 90.91 91.18 91.24 91.44 91.61 91.68 91.71 91.91 92.24 92.27 92.31 92.48 92.57 92.68 92.71 92.95 93.01 93.08 93.08 93.11 93.14 93.18 93.14 93.31 93.35 93.35 93.18 93.25 93.35 93.21 93.08 93.11 93.14 93.08 92.88 92.95 92.95 92.78 92.71 92.71 92.74 92.68 92.57 92.51 92.34 92.31}
espresso_water_dispensed {0.0 0.08002217610677084 0.15147908528645837 0.21697998046875 0.27864583333333337 0.33636983235677087 0.393218994140625 0.44802347819010424 0.5024007161458334 0.5555775960286459 0.6092936197916667 0.6624654134114585 0.7146250406901042 0.7672119140625 0.819920857747396 0.8715159098307294 0.9234110514322919 0.9764963785807294 1.0293273925781252 1.0814412434895837 1.1327107747395837 1.1847381591796877 1.2365875244140627 1.2881927490234377 1.3410390218098962 1.3936157226562502 1.4465382893880212 1.4984385172526045 1.5502980550130212 1.6029001871744795 1.6556040445963545 1.7080942789713545 1.7614695231119795 1.8144683837890625 1.8671875 1.919657389322917 1.9717305501302087 2.023478190104167 2.0749053955078125 2.1267954508463545 2.178568522135417 2.2308247884114585 2.2821909586588545 2.33355712890625 2.3854624430338545 2.437225341796875 2.489659627278646 2.5413920084635415 2.5933634440104165 2.6466267903645835 2.711420694986979 2.7963968912760415 2.898442586263021 3.012969970703125 3.1359100341796875 3.262044270833333 3.385426839192708 3.4958597819010415 3.5888214111328125 3.665852864583334 3.728810628255209 3.7815958658854174 3.8250528971354174 3.8616434733072924 3.8929901123046875 3.9187113444010424 3.941518147786459 3.961568196614584 3.9785919189453125 3.9936981201171875 4.008397420247396 4.0216522216796875 4.03350830078125 4.0445709228515625 4.055979410807292 4.0666453043619795 4.076700846354167 4.086863199869792 4.0970204671223955 4.10760498046875 4.118052164713542 4.1290537516276045 4.139455159505208 4.1501719156901045 4.160888671875 4.1720937093098955 4.18353271484375 4.1948089599609375 4.2066599527994795 4.2188262939453125 4.2311045328776045 4.243413289388021 4.2565460205078125 4.2694956461588545 4.282440185546875 4.295878092447917 4.30980428059896 4.323888142903647 4.338348388671876 4.353073120117188 4.36760457356771 4.383219401041667 4.39849853515625 4.414764404296875 4.430623372395834 4.447672526041667 4.4646555582682295 4.4812469482421875 4.498779296875 4.516062418619792 4.5332895914713545 4.550791422526042 4.568918863932292 4.587229410807292 4.6061045328776045 4.6247507731119795 4.643666585286459 4.6632843017578125 4.68359375 4.703633626302084 4.723887125651042 4.7444712320963545 4.765665690104167 4.7871246337890625 4.808390299479168 4.830027262369793 4.8518829345703125 4.874348958333333 4.897074381510417 4.920237223307292 4.9435780843098955 4.967549641927083 4.99102783203125 5.0146942138671875 5.038686116536458 5.0633595784505205 5.0876922607421875 5.112213134765625 5.1364288330078125 5.161020914713543 5.1860809326171875 5.2122802734375 5.23846435546875 5.264750162760418 5.291971842447918 5.319193522135418 5.34613037109375 5.3732655843098955 5.4007517496744795 5.428375244140625 5.4567413330078125 5.484710693359375 5.5130564371744795 5.541310628255208 5.570170084635417 5.5991668701171875 5.6289113362630205 5.658589680989583 5.688975016276041 5.719492594401041 5.7498321533203125 5.7806243896484375 5.811518351236979 5.8421630859375 5.873626708984375 5.9048614501953125 5.936152140299479 5.968114217122395 6.000055948893229 6.032079060872395 6.064570109049479 6.097208658854166 6.1308441162109375 6.164449055989583 6.198069254557292}
espresso_pressure_delta {0.0 0.017138671875 1.4168875558035715e-5 0.00046925024359688197 0.00011139643779809221 8.090374341334894e-5 7.980612306576403e-5 0.00011188970661239079 7.89673180592992e-6 2.5235689603365383e-5 3.879353151483051e-5 1.928641644985809e-5 5.430079317488007e-6 1.105322924940429e-5 1.5196600592812152e-5 1.59476263252394e-5 4.341656081295649e-5 1.826653113731971e-5 2.679843618069237e-5 5.814410227573432e-7 2.0535192757009345e-5 1.2078659028441682e-5 1.913292707378552e-5 7.130523921098518e-6 8.268215639933513e-6 1.1146187925510612e-5 2.759972576164016e-6 1.9287243937167005e-6 1.8666512935633e-6 2.253991066849034e-6 4.049438132360259e-7 4.411944766512074e-6 1.2210800015436864e-5 3.2996930845472293e-6 1.1561569400058106e-5 1.7517124191052335e-5 5.99631886319978e-6 1.2444218708410967e-5 9.07633156765891e-6 8.140076408183884e-6 1.4389427799607073e-6 8.00701473149928e-6 1.0737732483331384e-5 4.785979883747436e-6 3.653656885190976e-6 2.5533827214293494e-6 2.556446335078534e-6 3.948846590316185e-6 0.0 1.9050588985594237e-6 4.733167898756487e-6 2.4652636400651467e-5 5.536214568226763e-5 4.3973682617817944e-5 6.803338171262699e-5 9.133568189900427e-5 0.00012491113647258783 0.00014563803200617813 8.5422498526688e-5 2.0111394127489052e-5 1.6238939235121714e-5 1.5419818815957787e-6 9.793331084009773e-6 1.2667406392782467e-6 1.8581370347819468e-7 9.514115060444512e-6 2.2101189267518274e-5 1.3546621940591183e-5 5.653267035271346e-6 1.650110898476083e-5 9.695544920922456e-7 1.7149128824255728e-5 7.322734411943525e-6 8.245021440966429e-6 4.526770744296141e-6 7.76731982602216e-6 8.287084107211477e-7 9.664509872782373e-6 9.119365934134346e-8 2.637899809687519e-6 1.1860122662132621e-6 3.3727157036458647e-7 1.0562594455639187e-5 1.053782788922681e-5 4.620289621795243e-6 4.226154557529708e-6 8.262882163808664e-7 8.452017840192083e-7 2.6657022030440057e-6 1.8397535220881341e-6 6.584869592189017e-7 1.6784342690790877e-6 2.3198707966003274e-7 8.316752471438259e-6 3.7767332284845046e-6 1.0565571955601998e-5 4.883305763208405e-6 1.393134009910902e-6 1.993823160017818e-6 9.420753858740781e-7 9.122102156929348e-7 9.292671384515696e-6 1.0306820003086712e-5 3.4641265152227025e-6 3.412327035967201e-7 4.286533174698517e-7 9.377572134071059e-7 2.6300397750418686e-6 6.565807676334576e-6 5.6211593808338515e-6 1.009955496633367e-6 4.0534067511329965e-6 4.412434332843307e-6 2.0320611485326928e-6 5.591561012790006e-6 3.925321720190244e-6 1.8459189241405238e-6 7.577614167770236e-7 5.005138074541801e-7 1.2596838943284309e-6 2.1663750857096762e-7 1.4149402703945003e-6 2.180000024803556e-6 1.07555166581442e-6 5.244389304405561e-7 1.0208365596809787e-6 6.746804713287787e-7 2.378415404520892e-6 8.489280179907779e-7 2.744900779522542e-7 1.4995794633883036e-6 4.3261776432368576e-7 4.29761992078627e-7 2.4597880596879205e-6 1.0376240365221149e-6 1.8609344805682795e-6 1.3455339523183046e-6 1.1453914820628593e-6 5.990550949943915e-8 1.7831019806628873e-6 3.206492154287492e-7 1.7750810240757253e-6 7.727283846101487e-7 2.8860179258984057e-7 1.7457349645830535e-6 7.483736214307133e-7 2.4581442718510915e-6 2.5924591319284636e-6 7.021496503039414e-7 1.5683043100931123e-6 1.808565567830456e-7 4.918255164199149e-7 2.0802367818650048e-6 3.5451950091546184e-7 1.3027781483457845e-7 1.445834826855344e-6 1.6624655658041352e-7 5.185207807498154e-7 2.022502044294317e-6 7.856854165401663e-7 2.94873633673531e-8 8.859735364244369e-7 6.991468543984727e-7 3.829033564643565e-7 1.3150953514555677e-6 9.292970236875238e-7 2.2938339017685727e-6 2.8221902725197236e-7 7.229532925567088e-7 4.0448343949954294e-7 1.0337592180795136e-6 3.998575734899613e-7 1.767447142095516e-6 1.3768609707409683e-6 3.0480324395183664e-7}
espresso_flow_delta_negative 0.0
espresso_flow_delta_negative_2x 0.0
espresso_resistance {0.0 0.02 0.02 0.05 0.06 0.06 0.07 0.06 0.06 0.05 0.06 0.06 0.06 0.06 0.05 0.05 0.07 0.06 0.04 0.05 0.06 0.05 0.04 0.04 0.04 0.04 0.04 0.04 0.05 0.05 0.05 0.05 0.04 0.04 0.05 0.07 0.07 0.05 0.07 0.08 0.07 0.08 0.1 0.09 0.09 0.09 0.09 0.09 0.09 0.09 0.06 0.05 0.06 0.06 0.08 0.1 0.15 0.24 0.39 0.59 0.91 1.29 1.93 2.72 3.71 5.59 6.86 9.08 12.71 15.7 16.61 21.05 25.97 29.39 27.87 32.34 36.33 34.93 34.97 32.37 33.3 30.01 34.29 31.62 31.32 28.9 27.78 28.64 25.78 24.56 24.15 23.94 21.02 22.03 21.86 19.79 18.64 18.28 17.43 16.85 17.26 14.6 15.66 13.69 14.42 12.46 12.59 13.28 11.69 12.21 12.26 11.74 11.08 10.92 10.12 10.48 10.13 9.44 8.82 9.03 8.83 8.59 8.05 7.88 8.03 7.74 7.6 7.14 6.99 6.73 6.59 6.26 6.51 6.36 6.21 5.83 6.03 5.91 6.06 5.84 5.62 5.11 5.13 5.08 4.71 4.7 4.84 4.72 4.62 4.54 4.3 4.44 4.28 4.31 4.12 4.06 3.86 3.88 3.67 3.65 3.7 3.58 3.54 3.59 3.39 3.45 3.41 3.26 3.27 3.25 3.14 3.11 2.9 2.93 2.92}
espresso_resistance_weight {0.0 0.0 0.0 0.0 0.0 0.0 0.0 0.0 0.0 0.0 0.0 0.0 0.0 0.0 0.0 0.0 0.0 0.0 0.0 0.0 0.0 0.0 0.0 0.0 0.0 0.0 0.0 0.0 0.0 0.0 0.0 0.0 0.0 0.0 0.0 0.0 0.0 0.0 0.0 0.0 0.0 0.0 0.0 0.0 0.0 0.0 0.0 0.0 0.0 0.0 0.0 0.0 0.0 0.0 0.0 0.0 0.0 0.0 0.0 0.0 0.0 0.0 0.0 0.0 0.0 0.0 0.0 0.0 0.0 0.0 0.0 0.0 0.0 0.0 0.0 0.0 0.0 0.0 0.0 0.0 0.0 0.0 0.0 0.0 0.0 0.0 0.0 0.0 0.0 0.0 0.0 0.0 0.0 0.0 0.0 0.0 0.0 0.0 0.0 0.0 0.0 0.0 0.0 0.0 0.0 0.0 0.0 0.0 0.0 0.0 0.0 0.0 0.0 0.0 0.0 0.0 0.0 0.0 0.0 0.0 0.0 0.0 0.0 0.0 0.0 0.0 0.0 0.0 0.0 0.0 0.0 0.0 0.0 0.0 0.0 0.0 0.0 0.0 0.0 0.0 0.0 0.0 0.0 0.0 0.0 0.0 0.0 0.0 0.0 0.0 0.0 0.0 0.0 0.0 0.0 0.0 0.0 0.0 0.0 0.0 0.0 0.0 0.0 0.0 0.0 0.0 0.0 0.0 0.0 0.0 0.0 0.0 0.0 0.0 0.0}
espresso_state_change {0.0 -10000000.0 -10000000.0 -10000000.0 -10000000.0 -10000000.0 -10000000.0 -10000000.0 -10000000.0 -10000000.0 -10000000.0 -10000000.0 -10000000.0 -10000000.0 -10000000.0 -10000000.0 -10000000.0 -10000000.0 -10000000.0 -10000000.0 -10000000.0 -10000000.0 -10000000.0 -10000000.0 -10000000.0 -10000000.0 -10000000.0 -10000000.0 -10000000.0 -10000000.0 -10000000.0 -10000000.0 -10000000.0 -10000000.0 -10000000.0 -10000000.0 -10000000.0 -10000000.0 -10000000.0 -10000000.0 -10000000.0 -10000000.0 -10000000.0 -10000000.0 -10000000.0 -10000000.0 -10000000.0 -10000000.0 -10000000.0 10000000.0 10000000.0 10000000.0 10000000.0 10000000.0 10000000.0 10000000.0 10000000.0 10000000.0 10000000.0 10000000.0 10000000.0 10000000.0 10000000.0 -10000000.0 -10000000.0 -10000000.0 -10000000.0 -10000000.0 -10000000.0 -10000000.0 -10000000.0 -10000000.0 -10000000.0 -10000000.0 -10000000.0 -10000000.0 -10000000.0 -10000000.0 -10000000.0 -10000000.0 -10000000.0 -10000000.0 -10000000.0 -10000000.0 -10000000.0 -10000000.0 -10000000.0 -10000000.0 -10000000.0 -10000000.0 -10000000.0 -10000000.0 -10000000.0 -10000000.0 -10000000.0 -10000000.0 -10000000.0 -10000000.0 -10000000.0 -10000000.0 -10000000.0 -10000000.0 -10000000.0 -10000000.0 -10000000.0 -10000000.0 -10000000.0 -10000000.0 -10000000.0 -10000000.0 -10000000.0 -10000000.0 -10000000.0 -10000000.0 -10000000.0 -10000000.0 -10000000.0 -10000000.0 -10000000.0 -10000000.0 -10000000.0 10000000.0 10000000.0 10000000.0 10000000.0 10000000.0 10000000.0 10000000.0 10000000.0 10000000.0 10000000.0 10000000.0 10000000.0 10000000.0 10000000.0 10000000.0 10000000.0 10000000.0 10000000.0 10000000.0 10000000.0 10000000.0 10000000.0 10000000.0 10000000.0 10000000.0 10000000.0 10000000.0 10000000.0 10000000.0 10000000.0 10000000.0 10000000.0 10000000.0 10000000.0 10000000.0 10000000.0 10000000.0 10000000.0 10000000.0 10000000.0 10000000.0 10000000.0 10000000.0 10000000.0 10000000.0 10000000.0 10000000.0 10000000.0 10000000.0 10000000.0 10000000.0 10000000.0 10000000.0 10000000.0}
espresso_pressure_goal {-1.0 -1.0 -1.0 -1.0 -1.0 -1.0 -1.0 -1.0 -1.0 -1.0 -1.0 -1.0 -1.0 -1.0 -1.0 -1.0 -1.0 -1.0 -1.0 -1.0 -1.0 -1.0 -1.0 -1.0 -1.0 -1.0 -1.0 -1.0 -1.0 -1.0 -1.0 -1.0 -1.0 -1.0 -1.0 -1.0 -1.0 -1.0 -1.0 -1.0 -1.0 -1.0 -1.0 -1.0 -1.0 -1.0 -1.0 -1.0 -1.0 2.75 4.6875 5.9375 6.8125 7.375 7.6875 7.9375 8.125 8.1875 8.25 8.3125 8.375 8.375 8.375 8.1875 8.25 8.3125 8.375 8.375 8.375 8.375 8.375 8.375 8.375 8.375 8.375 8.375 8.375 8.375 8.375 8.375 8.375 8.375 8.375 8.375 8.375 8.375 8.375 8.375 8.375 8.375 8.375 8.375 8.375 8.375 8.375 8.375 8.375 8.375 8.375 8.375 8.375 8.375 8.375 8.375 8.375 8.375 8.375 8.375 8.375 8.375 8.375 8.375 8.375 8.375 8.375 8.375 8.375 8.375 8.375 8.375 8.375 8.375 8.375 8.3125 8.3125 8.3125 8.3125 8.3125 8.25 8.25 8.25 8.25 8.1875 8.1875 8.1875 8.1875 8.125 8.125 8.125 8.125 8.0625 8.0625 8.0625 8.0625 8.0 8.0 8.0 7.9375 7.9375 7.9375 7.9375 7.875 7.875 7.875 7.875 7.8125 7.8125 7.8125 7.8125 7.75 7.75 7.75 7.75 7.6875 7.6875 7.6875 7.6875 7.625 7.625 7.625 7.625 7.5625 7.5625 7.5625 7.5625}
espresso_flow_goal {-1.0 2.5 2.5 2.5 2.5 2.5 2.5 2.5 2.5 2.5 2.5 2.5 2.5 2.5 2.5 2.5 2.5 2.5 2.5 2.5 2.5 2.5625 2.5625 2.5625 2.5625 2.5625 2.5625 2.5625 2.5625 2.5625 2.5625 2.5625 2.5625 2.5625 2.5625 2.5625 2.5625 2.5625 2.5625 2.5625 2.5625 2.5625 2.5625 2.5625 2.5625 2.5625 2.5625 2.5625 2.5625 -1.0 -1.0 -1.0 -1.0 -1.0 -1.0 -1.0 -1.0 -1.0 -1.0 -1.0 -1.0 -1.0 -1.0 -1.0 -1.0 -1.0 -1.0 -1.0 -1.0 -1.0 -1.0 -1.0 -1.0 -1.0 -1.0 -1.0 -1.0 -1.0 -1.0 -1.0 -1.0 -1.0 -1.0 -1.0 -1.0 -1.0 -1.0 -1.0 -1.0 -1.0 -1.0 -1.0 -1.0 -1.0 -1.0 -1.0 -1.0 -1.0 -1.0 -1.0 -1.0 -1.0 -1.0 -1.0 -1.0 -1.0 -1.0 -1.0 -1.0 -1.0 -1.0 -1.0 -1.0 -1.0 -1.0 -1.0 -1.0 -1.0 -1.0 -1.0 -1.0 -1.0 -1.0 -1.0 -1.0 -1.0 -1.0 -1.0 -1.0 -1.0 -1.0 -1.0 -1.0 -1.0 -1.0 -1.0 -1.0 -1.0 -1.0 -1.0 -1.0 -1.0 -1.0 -1.0 -1.0 -1.0 -1.0 -1.0 -1.0 -1.0 -1.0 -1.0 -1.0 -1.0 -1.0 -1.0 -1.0 -1.0 -1.0 -1.0 -1.0 -1.0 -1.0 -1.0 -1.0 -1.0 -1.0 -1.0 -1.0 -1.0 -1.0 -1.0 -1.0 -1.0 -1.0}
espresso_temperature_goal {90.0 90.0 90.0 90.0 90.0 90.0 90.0 90.0 90.0 90.0 90.0 90.0 90.0 90.0 90.0 90.0 90.0 90.0 90.0 90.0 90.0 90.0 90.0 90.0 90.0 90.0 90.0 90.0 90.0 90.0 90.0 90.0 90.0 90.0 90.0 90.0 90.0 90.0 90.0 90.0 90.0 90.0 90.0 90.0 90.0 90.0 90.0 90.0 90.0 90.0 90.0 90.0 90.0 90.0 90.0 90.0 90.0 90.0 90.0 90.0 90.0 90.0 90.0 90.0 90.0 90.0 90.0 90.0 90.0 90.0 90.0 90.0 90.0 90.0 90.0 90.0 90.0 90.0 90.0 90.0 90.0 90.0 90.0 90.0 90.0 90.0 90.0 90.0 90.0 90.0 90.0 90.0 90.0 90.0 90.0 90.0 90.0 90.0 90.0 90.0 90.0 90.0 90.0 90.0 90.0 90.0 90.0 90.0 90.0 90.0 90.0 90.0 90.0 90.0 90.0 90.0 90.0 90.0 90.0 90.0 90.0 90.0 90.0 90.0 90.0 90.0 90.0 90.0 90.0 90.0 90.0 90.0 90.0 90.0 90.0 90.0 90.0 90.0 90.0 90.0 90.0 90.0 90.0 90.0 90.0 90.0 90.0 90.0 90.0 90.0 90.0 90.0 90.0 90.0 90.0 90.0 90.0 90.0 90.0 90.0 90.0 90.0 90.0 90.0 90.0 90.0 90.0 90.0 90.0 90.0 90.0 90.0 90.0 90.0 90.0}
