espresso_elapsed {0.0 0.043 0.223 0.447 0.673 0.853 1.078 1.258 1.483 1.707 1.888 2.113 2.338 2.518 2.743 2.923 3.148 3.373 3.553 3.778 4.003 4.183 4.407 4.588 4.813 5.037 5.218 5.443 5.667 5.847 6.072 6.298 6.478 6.702 6.882 7.107 7.332 7.512 7.737 7.962 8.142 8.368 8.548 8.773 8.997 9.177 9.403 9.628 9.815 10.033 10.213 10.437 10.663 10.842 11.067 11.292 11.473 11.697 11.924 12.148 12.328 12.507 12.732 12.957 13.138 13.362 13.587 13.768 13.992 14.173 14.398 14.622 14.803 15.028 15.253 15.432 15.657 15.883 16.062 16.287 16.468 16.692 16.917 17.098 17.322 17.547 17.727 17.953 18.132 18.358 18.582 18.762 18.987 19.213 19.392 19.618 19.843 20.023 20.248 20.427 20.652 20.878 21.057 21.283 21.507 21.687 21.913 22.092 22.317 22.543 22.721 22.947 23.172 23.353 23.578 23.757 23.983 24.208 24.387 24.612 24.837 25.018 25.242 25.467 25.647 25.872 26.053 26.277 26.502 26.682 26.907 27.132 27.313 27.537 27.717 27.943 28.167 28.347 28.572 28.797 28.976 29.202 29.427 29.607 29.832 30.012 30.237 30.462 30.642 30.867 31.092 31.272 31.498 31.677 31.902 32.127 32.307 32.533 32.757 32.937 33.163 33.387 33.567 33.792 33.972 34.197 34.423 34.602 34.827 35.051 35.232 35.458 35.637 35.863 36.087 36.267 36.492 36.717 36.897 37.122 37.348 37.527 37.752 37.932 38.157 38.382 38.562}
espresso_pressure {0.0 0.42 0.44 0.49 0.58 0.61 0.64 0.62 0.67 0.71 0.69 0.69 0.63 0.57 0.51 0.55 0.59 0.55 0.49 0.5 0.46 0.48 0.47 0.44 0.45 0.52 0.54 0.64 0.64 0.73 0.8 0.87 0.96 1.04 1.07 1.17 1.3 1.38 1.5 1.6 1.67 1.84 2.08 2.26 2.45 2.61 2.85 3.2 3.63 4.19 4.7 5.01 5.47 5.88 6.26 6.64 6.94 7.25 7.39 7.52 7.67 7.76 7.82 7.93 7.93 7.99 8.01 8.03 7.93 8.02 7.99 7.98 8.02 8.05 8.08 8.0 8.0 8.03 7.98 7.99 8.02 8.08 7.99 7.98 8.08 7.98 7.98 8.06 7.97 7.99 8.0 8.03 7.98 8.0 8.02 7.94 7.95 8.0 7.97 8.02 7.87 7.86 7.95 7.89 7.87 7.84 7.88 7.83 7.81 7.83 7.82 7.79 7.8 7.75 7.77 7.76 7.76 7.76 7.69 7.65 7.67 7.72 7.63 7.64 7.64 7.6 7.63 7.59 7.6 7.55 7.6 7.52 7.54 7.5 7.52 7.51 7.5 7.46 7.46 7.45 7.45 7.39 7.42 7.4 7.35 7.37 7.4 7.33 7.32 7.34 7.36 7.29 7.28 7.26 7.27 7.26 7.24 7.21 7.21 7.22 7.16 7.19 7.2 7.13 7.15 7.18 7.08 7.12 7.14 7.03 7.12 7.01 7.08 7.04 7.02 7.01 6.99 6.95 6.93 7.02 6.91 6.92 6.89 6.88 6.88 6.87 6.83}
espresso_weight {0.0 0.0 0.0 0.0 0.0 0.0 0.0 0.0 0.0 0.0 0.0 0.0 0.0 0.0 0.0 0.0 0.0 0.0 0.0 0.0 0.0 0.0 0.0 0.0 0.0 0.0 0.0 0.0 0.0 0.0 0.0 0.0 0.0 0.0 0.0 0.0 0.0 0.0 0.0 0.0 0.0 0.0 0.0 0.0 0.0 0.0 0.0 0.0 0.0 0.0 0.0 0.0 0.0 0.0 0.0 0.0 0.0 0.0 0.0 0.0 0.0 0.0 0.0 0.0 0.0 0.0 0.0 0.0 0.0 0.0 0.0 0.0 0.0 0.0 0.0 0.0 0.0 0.0 0.0 0.0 0.0 0.0 0.0 0.0 0.0 0.0 0.0 0.0 0.0 0.0 0.0 0.0 0.0 0.0 0.0 0.0 0.0 0.0 0.0 0.0 0.0 0.0 0.0 0.0 0.0 0.0 0.0 0.0 0.0 0.0 0.0 0.0 0.0 0.0 0.0 0.0 0.0 0.0 0.0 0.0 0.0 0.0 0.0 0.0 0.0 0.0 0.0 0.0 0.0 0.0 0.0 0.0 0.0 0.0 0.0 0.0 0.0 0.0 0.0 0.0 0.0 0.0 0.0 0.0 0.0 0.0 0.0 0.0 0.0 0.0 0.0 0.0 0.0 0.0 0.0 0.0 0.0 0.0 0.0 0.0 0.0 0.0 0.0 0.0 0.0 0.0 0.0 0.0 0.0 0.0 0.0 0.0 0.0 0.0 0.0 0.0 0.0 0.0 0.0 0.0 0.0 0.0 0.0 0.0 0.0 0.0 0.0}
espresso_flow {0.0 3.93 3.89 3.73 3.71 3.65 3.59 3.58 3.56 3.51 3.55 3.53 3.54 3.54 3.5 3.46 3.47 3.51 3.53 3.48 3.51 3.55 3.54 3.56 3.54 3.54 3.56 3.52 3.5 3.49 3.48 3.47 3.46 3.47 3.49 3.51 3.46 3.53 3.5 3.45 3.47 3.44 3.47 3.44 3.46 3.46 3.46 3.44 3.46 3.38 3.18 2.99 2.75 2.55 2.39 2.21 2.02 1.85 1.7 1.58 1.47 1.38 1.3 1.22 1.14 1.06 1.02 0.96 0.92 0.91 0.9 0.89 0.87 0.86 0.83 0.8 0.83 0.8 0.8 0.83 0.84 0.8 0.83 0.83 0.77 0.82 0.85 0.85 0.85 0.88 0.9 0.88 0.88 0.91 0.92 0.92 0.95 0.93 0.95 0.94 0.96 1.02 1.02 1.03 1.05 1.07 1.07 1.08 1.1 1.12 1.12 1.14 1.14 1.15 1.16 1.17 1.14 1.14 1.18 1.2 1.24 1.22 1.25 1.25 1.25 1.27 1.28 1.31 1.29 1.34 1.3 1.32 1.32 1.36 1.39 1.42 1.41 1.39 1.42 1.42 1.42 1.43 1.44 1.45 1.46 1.5 1.5 1.55 1.54 1.56 1.56 1.56 1.55 1.59 1.6 1.6 1.6 1.62 1.62 1.63 1.63 1.65 1.67 1.68 1.7 1.66 1.7 1.71 1.69 1.72 1.71 1.73 1.74 1.75 1.76 1.75 1.77 1.8 1.79 1.75 1.77 1.79 1.8 1.83 1.85 1.85 1.86}
espresso_flow_weight {0.0 0.0 0.0 0.0 0.0 0.0 0.0 0.0 0.0 0.0 0.0 0.0 0.0 0.0 0.0 0.0 0.0 0.0 0.0 0.0 0.0 0.0 0.0 0.0 0.0 0.0 0.0 0.0 0.0 0.0 0.0 0.0 0.0 0.0 0.0 0.0 0.0 0.0 0.0 0.0 0.0 0.0 0.0 0.0 0.0 0.0 0.0 0.0 0.0 0.0 0.0 0.0 0.0 0.0 0.0 0.0 0.0 0.0 0.0 0.0 0.0 0.0 0.0 0.0 0.0 0.0 0.0 0.0 0.0 0.0 0.0 0.0 0.0 0.0 0.0 0.0 0.0 0.0 0.0 0.0 0.0 0.0 0.0 0.0 0.0 0.0 0.0 0.0 0.0 0.0 0.0 0.0 0.0 0.0 0.0 0.0 0.0 0.0 0.0 0.0 0.0 0.0 0.0 0.0 0.0 0.0 0.0 0.0 0.0 0.0 0.0 0.0 0.0 0.0 0.0 0.0 0.0 0.0 0.0 0.0 0.0 0.0 0.0 0.0 0.0 0.0 0.0 0.0 0.0 0.0 0.0 0.0 0.0 0.0 0.0 0.0 0.0 0.0 0.0 0.0 0.0 0.0 0.0 0.0 0.0 0.0 0.0 0.0 0.0 0.0 0.0 0.0 0.0 0.0 0.0 0.0 0.0 0.0 0.0 0.0 0.0 0.0 0.0 0.0 0.0 0.0 0.0 0.0 0.0 0.0 0.0 0.0 0.0 0.0 0.0 0.0 0.0 0.0 0.0 0.0 0.0 0.0 0.0 0.0 0.0 0.0 0.0}
espresso_flow_weight_raw {0.0 0.0 0.0 0.0 0.0 0.0 0.0 0.0 0.0 0.0 0.0 0.0 0.0 0.0 0.0 0.0 0.0 0.0 0.0 0.0 0.0 0.0 0.0 0.0 0.0 0.0 0.0 0.0 0.0 0.0 0.0 0.0 0.0 0.0 0.0 0.0 0.0 0.0 0.0 0.0 0.0 0.0 0.0 0.0 0.0 0.0 0.0 0.0 0.0 0.0 0.0 0.0 0.0 0.0 0.0 0.0 0.0 0.0 0.0 0.0 0.0 0.0 0.0 0.0 0.0 0.0 0.0 0.0 0.0 0.0 0.0 0.0 0.0 0.0 0.0 0.0 0.0 0.0 0.0 0.0 0.0 0.0 0.0 0.0 0.0 0.0 0.0 0.0 0.0 0.0 0.0 0.0 0.0 0.0 0.0 0.0 0.0 0.0 0.0 0.0 0.0 0.0 0.0 0.0 0.0 0.0 0.0 0.0 0.0 0.0 0.0 0.0 0.0 0.0 0.0 0.0 0.0 0.0 0.0 0.0 0.0 0.0 0.0 0.0 0.0 0.0 0.0 0.0 0.0 0.0 0.0 0.0 0.0 0.0 0.0 0.0 0.0 0.0 0.0 0.0 0.0 0.0 0.0 0.0 0.0 0.0 0.0 0.0 0.0 0.0 0.0 0.0 0.0 0.0 0.0 0.0 0.0 0.0 0.0 0.0 0.0 0.0 0.0 0.0 0.0 0.0 0.0 0.0 0.0 0.0 0.0 0.0 0.0 0.0 0.0 0.0 0.0 0.0 0.0 0.0 0.0 0.0 0.0 0.0 0.0 0.0 0.0}
espresso_temperature_basket {90.0 85.38 85.53 85.65 85.58 85.6 85.62 85.65 85.6 85.56 85.65 85.61 85.6 85.63 85.61 85.66 85.65 85.61 85.63 85.68 85.71 85.73 85.77 85.77 85.79 86.16 86.42 86.66 86.88 87.06 87.35 87.51 87.67 87.86 88.0 88.16 88.36 88.48 88.65 88.82 88.93 89.08 89.16 89.2 89.28 89.42 89.48 89.57 89.55 89.66 89.8 89.81 89.86 89.92 89.99 90.02 90.06 90.13 90.14 90.1 90.16 90.2 90.25 90.24 90.22 90.25 90.23 90.24 90.23 90.26 90.24 90.23 90.27 90.2 90.24 90.24 90.24 90.26 90.26 90.32 90.25 90.19 90.19 90.17 90.2 90.17 90.17 90.17 90.19 90.18 90.21 90.18 90.16 90.08 90.05 90.09 90.06 90.02 90.07 90.03 89.98 90.03 89.97 89.93 89.97 89.95 89.92 89.97 89.99 89.92 89.96 89.93 89.86 89.87 89.84 89.86 89.83 89.81 89.83 89.86 89.76 89.88 89.88 89.84 89.74 89.76 89.89 89.83 89.83 89.86 89.88 89.9 89.92 89.93 90.04 89.97 90.0 90.05 90.13 90.15 90.19 90.14 90.22 90.25 90.23 90.32 90.36 90.26 90.31 90.36 90.29 90.36 90.41 90.46 90.5 90.54 90.48 90.51 90.53 90.58 90.54 90.6 90.62 90.6 90.59 90.6 90.63 90.65 90.65 90.64 90.64 90.63 90.65 90.67 90.69 90.62 90.65 90.56 90.62 90.65 90.56 90.67 90.63 90.59 90.57 90.57 90.56}
espresso_temperature_mix {90.0 89.54 89.31 87.16 86.05 86.28 86.9 87.61 88.27 88.98 89.64 90.07 90.57 91.03 91.23 91.5 91.59 91.79 91.86 91.93 91.99 92.06 92.16 92.13 92.13 92.2 92.06 92.09 91.96 91.89 91.7 91.7 91.53 91.56 91.46 91.33 91.3 91.23 91.3 91.16 91.0 91.06 91.03 91.1 91.1 91.06 91.06 91.1 91.0 90.77 90.66 90.6 90.57 90.6 90.34 90.4 90.2 90.07 90.07 90.11 89.87 89.84 89.87 89.61 89.74 89.58 89.54 89.51 89.38 89.35 89.28 89.31 89.15 89.09 89.18 89.09 88.98 89.05 88.92 88.95 88.82 88.79 88.82 88.86 88.79 88.62 88.62 88.72 88.69 88.76 88.62 88.66 88.66 88.66 88.69 88.72 88.79 88.76 88.76 88.86 89.02 89.02 89.09 89.15 89.15 89.25 89.31 89.48 89.58 89.74 89.84 89.94 90.04 90.11 90.27 90.37 90.5 90.57 90.66 90.8 90.86 90.96 91.06 91.06 91.13 91.23 91.33 91.43 91.33 91.46 91.5 91.53 91.56 91.53 91.66 91.59 91.7 91.73 91.7 91.73 91.63 91.79 91.7 91.79 91.83 91.76 91.83 91.79 91.76 91.73 91.66 91.7 91.7 91.56 91.56 91.7 91.73 91.63 91.59 91.59 91.56 91.56 91.53 91.33 91.43 91.2 91.2 91.23 91.23 91.2 91.1 91.16 91.13 91.03 91.0 91.06 90.96 90.93 90.8 90.73 90.8 90.73 90.73 90.6 90.57 90.53 90.53}
espresso_water_dispensed {0.0 0.0818939208984375 0.16286214192708337 0.24051411946614587 0.31775410970052087 0.39377848307291674 0.46865336100260424 0.5432891845703125 0.6174825032552084 0.6905670166015625 0.7645314534505209 0.8380025227864583 0.9116770426432291 0.9854685465494791 1.0583089192708333 1.1303660074869792 1.2026723225911458 1.2757212320963542 1.3493601481119792 1.4218343098958333 1.4948628743489583 1.5689188639322917 1.642608642578125 1.716827392578125 1.7904917399088545 1.8643442789713545 1.9384714762369795 2.011754353841146 2.0847422281901045 2.157379150390625 2.2298533121744795 2.3021240234375 2.374298095703125 2.4464925130208335 2.519109090169271 2.5921427408854165 2.6642964680989585 2.7378387451171875 2.810709635416667 2.882558186848959 2.954762776692709 3.0263366699218754 3.098536173502605 3.17009989420573 3.242212931315105 3.3142445882161464 3.386260986328125 3.457977294921875 3.530085245768229 3.60040283203125 3.666717529296875 3.728998819986979 3.7862396240234375 3.8393402099609375 3.88909912109375 3.9350738525390625 3.9771474202473964 4.015721638997396 4.0511728922526045 4.084065755208334 4.1147715250651045 4.143513997395834 4.170674641927084 4.196111043294271 4.21978759765625 4.2417755126953125 4.2631072998046875 4.2830963134765625 4.302256266276042 4.3212432861328125 4.3399302164713545 4.358540852864583 4.376759847005208 4.3945973714192705 4.4118601481119795 4.428548177083333 4.4458363850911455 4.4625396728515625 4.479248046875 4.4965871175130205 4.5141245524088545 4.5307057698567705 4.5479787190755205 4.5653025309244795 4.58135986328125 4.5984141031901045 4.6160329182942705 4.633697509765625 4.6515045166015625 4.669891357421875 4.6886545817057295 4.7069142659505205 4.7252451578776045 4.744120279947917 4.7632090250651045 4.782389322916667 4.802113850911458 4.8215688069661455 4.841318766276042 4.8608754475911455 4.880828857421875 4.902058919270833 4.9234059651692705 4.9449513753255205 4.966776529947917 4.9889882405598955 5.0113576253255205 5.0339508056640625 5.056925455729167 5.0801951090494795 5.103586832682292 5.127268473307292 5.151072184244792 5.1751047770182295 5.199310302734375 5.2237701416015625 5.2475331624348955 5.2713470458984375 5.295918782552083 5.3208465576171875 5.346669514973958 5.3720855712890625 5.3981068929036455 5.4242401123046875 5.4502614339192705 5.476618448893229 5.5033721923828125 5.5306243896484375 5.5574493408203125 5.585322062174479 5.612482706705729 5.639902750651041 5.667429606119791 5.6956787109375 5.724629720052083 5.754109700520833 5.783498128255208 5.8125356038411455 5.842112223307291 5.871780395507812 5.901367187499999 5.931208292643229 5.9611256917317705 5.9914296468098955 6.0217437744140625 6.052927652994791 6.084218343098958 6.116449991861979 6.148585001627604 6.1810455322265625 6.213470458984375 6.245997111002604 6.278279622395833 6.311365763346354 6.34466552734375 6.3779347737630205 6.411295572916666 6.445063273111979 6.478780110677083 6.5127919514973955 6.546702067057291 6.581054687499999 6.615763346354166 6.650716145833333 6.686136881510416 6.720815022786457 6.756144205729166 6.7917633056640625 6.826899210611979 6.86279296875 6.898386637369791 6.934499104817707 6.970784505208332 7.007212320963541 7.043818155924479 7.080291748046875 7.117177327473958 7.1546986897786455 7.1919911702473955 7.228495279947916 7.265309651692708 7.3025360107421875 7.3401336669921875 7.378316243489583 7.4169057210286455 7.455362955729166 7.494074503580729}
espresso_pressure_delta {0.0 0.0022029433139534884 0.00012590211603139015 9.83116610738255e-5 0.0001313208116641902 4.4363185082063304e-5 2.1288700139146566e-5 1.0867945151033386e-5 3.0455843307484827e-5 2.3169760544815465e-5 1.150874768273305e-5 2.3108435873166114e-7 2.203322150342173e-5 2.36577889197776e-5 2.2251241797302223e-5 1.110869077146767e-5 1.4502635601969505e-5 1.1146651719537504e-5 1.9308616837883477e-5 2.520244673107464e-6 9.026433300024981e-6 4.1439121145111166e-6 9.417723224415702e-7 7.2369496512641675e-6 2.7898887128610013e-6 1.2747465629342863e-5 5.006333245496359e-6 1.713424926511115e-5 1.7232442209281808e-7 1.5741579549341542e-5 1.2745813261693018e-5 9.88502054223563e-6 1.3680618535813523e-5 1.238552857356013e-5 4.079652989683232e-6 1.4530953197551709e-5 1.721504407051282e-5 1.118002862087327e-5 1.4862380040713456e-5 1.28172294963577e-5 8.365909404937362e-6 2.1356469586520077e-5 2.801847837213383e-5 2.003661803260002e-5 2.108450212570857e-5 1.8010592037158114e-5 2.5366945722109966e-5 3.6337091361134195e-5 4.3256296166581765e-5 5.5894649220073755e-5 4.974607271369823e-5 2.982459489077321e-5 4.318195805589421e-5 3.778527658642317e-5 3.4568388847474475e-5 3.362014451602905e-5 2.649307749716726e-5 2.6069217801573052e-5 1.1834391248742033e-5 1.1033355542064537e-5 1.1961464755029201e-5 7.437241394818901e-6 4.180227478008168e-6 8.55443727328857e-6 3.344901240675902e-7 4.385103277952403e-6 1.25780847501288e-6 1.2412727883497967e-6 6.66536011649514e-6 5.977336969942849e-6 2.051744382900403e-6 5.676912358090548e-7 3.0016614030939676e-6 2.0632059738488155e-6 1.4725586769815775e-6 4.667022056441161e-6 3.2745437344318836e-7 1.9828836255745135e-6 2.963978450691072e-6 6.445660265856204e-7 1.5418159460772408e-6 3.3786535091660678e-6 5.253129248684755e-6 4.283669873669435e-7 5.93367989406535e-6 5.788026443266655e-6 2.0658370705703164e-7 3.970871859856291e-6 4.631831844253254e-6 1.1304038089661182e-6 5.649578557205898e-7 1.6135506609103506e-6 2.700243916890504e-6 9.149078748763858e-7 8.309241568688119e-7 3.994756887807116e-6 4.4293012649296983e-7 2.56053195075663e-6 1.3624995369913077e-6 2.6891682882949036e-6 7.565853186132094e-6 5.496029013794424e-7 4.2898813339981954e-6 2.7071929474228258e-6 7.15155966662017e-7 1.3846680903306128e-6 1.4483768196960708e-6 2.143910974560927e-6 8.204752822960076e-7 8.339097779798607e-7 3.8682551384182037e-7 1.3937517703839281e-6 5.584089903763162e-7 2.1640521292767524e-6 6.730486311391975e-7 4.110630550995496e-7 1.5269605032731519e-7 1.9161731142597489e-7 2.733029508549637e-6 1.4680973712010402e-6 6.094423138865403e-7 1.961478360580382e-6 3.2981520135092306e-6 3.3552918973573643e-7 2.0942386049050572e-7 1.4532180059523809e-6 1.1713652218554485e-6 1.458693082353389e-6 2.2109180439212134e-7 1.6561522046698148e-6 1.796552709332144e-6 3.1853818830163643e-6 8.04476119430308e-7 1.2944231851690453e-6 5.373084433741025e-7 2.2716445084636583e-7 3.9871014840061065e-7 1.214372883373902e-6 2.5634252939941203e-7 2.882515973886169e-7 1.3480984262838212e-7 1.839289689062393e-6 1.0951358446324805e-6 8.328504449961157e-7 1.5712992759452935e-6 6.263770533453286e-7 9.20462719515825e-7 2.388349624121857e-6 1.832528677958358e-7 7.355777407911361e-7 5.182452479737553e-7 2.131312056312356e-6 3.7204743158295767e-7 6.242823065631215e-7 2.3723777114287504e-7 2.0517934681109347e-7 7.027912874918748e-7 7.804575354255679e-7 1.0434315566138535e-7 2.5943230637277225e-7 1.8257357597322318e-6 8.043690283643334e-7 3.9275460273482886e-7 2.001271103367661e-6 4.599375956670199e-7 9.209620909728924e-7 2.8936866339366122e-6 1.20652120903416e-6 4.836966469980188e-7 2.9602512232175973e-6 2.349105128150545e-6 2.9400430615093913e-6 1.7743475004910627e-6 1.0279461945459108e-6 4.126854026380691e-7 2.3561148909476936e-7 6.623348096843144e-7 1.123723768962606e-6 4.3670979347914466e-7 2.4399593738214537e-6 3.124644391935311e-6 2.4071210395182135e-7 7.631011270926043e-7 1.2228914570810926e-7 5.118654506381529e-8 4.0709186597884426e-7 1.0762902922566257e-6}
espresso_flow_delta_negative 0.0
espresso_flow_delta_negative_2x 0.0
espresso_resistance {0.0 0.03 0.03 0.04 0.04 0.05 0.05 0.05 0.05 0.06 0.05 0.06 0.05 0.05 0.04 0.05 0.05 0.05 0.04 0.04 0.04 0.04 0.04 0.03 0.04 0.04 0.04 0.05 0.05 0.06 0.07 0.07 0.08 0.09 0.09 0.1 0.11 0.11 0.12 0.13 0.14 0.16 0.17 0.19 0.2 0.22 0.24 0.27 0.3 0.37 0.46 0.56 0.72 0.9 1.1 1.36 1.7 2.11 2.55 3.02 3.53 4.08 4.6 5.32 6.14 7.17 7.64 8.72 9.38 9.65 9.93 10.0 10.49 10.99 11.76 12.48 11.62 12.49 12.41 11.54 11.32 12.75 11.62 11.54 13.61 11.91 11.16 11.21 10.91 10.26 9.87 10.46 10.31 9.75 9.55 9.36 8.86 9.17 8.87 9.11 8.58 7.57 7.57 7.38 7.18 6.9 6.83 6.66 6.42 6.28 6.2 6.03 5.98 5.82 5.75 5.63 5.97 5.94 5.53 5.35 4.99 5.19 4.89 4.86 4.9 4.75 4.63 4.44 4.58 4.22 4.47 4.34 4.32 4.08 3.89 3.75 3.77 3.84 3.7 3.67 3.69 3.6 3.6 3.5 3.47 3.29 3.28 3.06 3.08 3.02 3.04 2.99 3.03 2.88 2.85 2.85 2.82 2.75 2.75 2.71 2.7 2.64 2.59 2.53 2.47 2.59 2.46 2.44 2.51 2.37 2.44 2.33 2.33 2.3 2.27 2.29 2.23 2.14 2.16 2.29 2.21 2.17 2.11 2.05 2.01 2.02 1.98}
espresso_resistance_weight {0.0 0.0 0.0 0.0 0.0 0.0 0.0 0.0 0.0 0.0 0.0 0.0 0.0 0.0 0.0 0.0 0.0 0.0 0.0 0.0 0.0 0.0 0.0 0.0 0.0 0.0 0.0 0.0 0.0 0.0 0.0 0.0 0.0 0.0 0.0 0.0 0.0 0.0 0.0 0.0 0.0 0.0 0.0 0.0 0.0 0.0 0.0 0.0 0.0 0.0 0.0 0.0 0.0 0.0 0.0 0.0 0.0 0.0 0.0 0.0 0.0 0.0 0.0 0.0 0.0 0.0 0.0 0.0 0.0 0.0 0.0 0.0 0.0 0.0 0.0 0.0 0.0 0.0 0.0 0.0 0.0 0.0 0.0 0.0 0.0 0.0 0.0 0.0 0.0 0.0 0.0 0.0 0.0 0.0 0.0 0.0 0.0 0.0 0.0 0.0 0.0 0.0 0.0 0.0 0.0 0.0 0.0 0.0 0.0 0.0 0.0 0.0 0.0 0.0 0.0 0.0 0.0 0.0 0.0 0.0 0.0 0.0 0.0 0.0 0.0 0.0 0.0 0.0 0.0 0.0 0.0 0.0 0.0 0.0 0.0 0.0 0.0 0.0 0.0 0.0 0.0 0.0 0.0 0.0 0.0 0.0 0.0 0.0 0.0 0.0 0.0 0.0 0.0 0.0 0.0 0.0 0.0 0.0 0.0 0.0 0.0 0.0 0.0 0.0 0.0 0.0 0.0 0.0 0.0 0.0 0.0 0.0 0.0 0.0 0.0 0.0 0.0 0.0 0.0 0.0 0.0 0.0 0.0 0.0 0.0 0.0 0.0}
espresso_state_change {0.0 10000000.0 10000000.0 10000000.0 10000000.0 10000000.0 10000000.0 10000000.0 10000000.0 10000000.0 10000000.0 10000000.0 10000000.0 10000000.0 10000000.0 10000000.0 10000000.0 10000000.0 10000000.0 10000000.0 10000000.0 10000000.0 10000000.0 10000000.0 10000000.0 10000000.0 10000000.0 10000000.0 10000000.0 10000000.0 10000000.0 10000000.0 10000000.0 10000000.0 10000000.0 10000000.0 10000000.0 10000000.0 10000000.0 10000000.0 10000000.0 10000000.0 10000000.0 10000000.0 10000000.0 10000000.0 10000000.0 10000000.0 -10000000.0 -10000000.0 -10000000.0 -10000000.0 -10000000.0 -10000000.0 -10000000.0 -10000000.0 -10000000.0 -10000000.0 -10000000.0 -10000000.0 -10000000.0 -10000000.0 10000000.0 10000000.0 10000000.0 10000000.0 10000000.0 10000000.0 10000000.0 10000000.0 10000000.0 10000000.0 -10000000.0 -10000000.0 -10000000.0 -10000000.0 -10000000.0 -10000000.0 -10000000.0 -10000000.0 -10000000.0 -10000000.0 -10000000.0 -10000000.0 -10000000.0 -10000000.0 10000000.0 10000000.0 10000000.0 10000000.0 10000000.0 10000000.0 10000000.0 10000000.0 10000000.0 10000000.0 10000000.0 10000000.0 10000000.0 10000000.0 10000000.0 10000000.0 10000000.0 10000000.0 10000000.0 10000000.0 10000000.0 10000000.0 10000000.0 10000000.0 10000000.0 10000000.0 10000000.0 10000000.0 10000000.0 10000000.0 10000000.0 10000000.0 10000000.0 10000000.0 10000000.0 10000000.0 10000000.0 10000000.0 10000000.0 10000000.0 10000000.0 10000000.0 10000000.0 10000000.0 10000000.0 10000000.0 10000000.0 10000000.0 10000000.0 10000000.0 10000000.0 10000000.0 10000000.0 10000000.0 10000000.0 10000000.0 10000000.0 10000000.0 10000000.0 10000000.0 10000000.0 10000000.0 10000000.0 10000000.0 10000000.0 10000000.0 10000000.0 10000000.0 10000000.0 10000000.0 10000000.0 10000000.0 10000000.0 10000000.0 10000000.0 10000000.0 10000000.0 10000000.0 10000000.0 10000000.0 10000000.0 10000000.0 10000000.0 10000000.0 10000000.0 10000000.0 10000000.0 10000000.0 10000000.0 10000000.0 10000000.0 10000000.0 10000000.0 10000000.0 10000000.0 10000000.0 10000000.0 10000000.0 10000000.0 10000000.0 10000000.0}
espresso_pressure_goal {-1.0 -1.0 -1.0 -1.0 -1.0 -1.0 -1.0 -1.0 -1.0 -1.0 -1.0 -1.0 -1.0 -1.0 -1.0 -1.0 -1.0 -1.0 -1.0 -1.0 -1.0 -1.0 -1.0 -1.0 -1.0 -1.0 -1.0 -1.0 -1.0 -1.0 -1.0 -1.0 -1.0 -1.0 -1.0 -1.0 -1.0 -1.0 -1.0 -1.0 -1.0 -1.0 -1.0 -1.0 -1.0 -1.0 -1.0 -1.0 4.8125 5.875 6.625 7.125 7.4375 7.625 7.75 7.875 7.9375 7.9375 8.0 8.0 8.0 8.0 7.9375 8.0 8.0 8.0 8.0 8.0 8.0 8.0 8.0 8.0 8.0 8.0 8.0 8.0 8.0 8.0 8.0 8.0 8.0 8.0 8.0 8.0 8.0 8.0 8.0625 8.0625 8.0625 8.0625 8.0 8.0 8.0 8.0 8.0 7.9375 7.9375 7.9375 7.9375 7.9375 7.875 7.875 7.875 7.875 7.875 7.8125 7.8125 7.8125 7.8125 7.8125 7.75 7.75 7.75 7.75 7.75 7.6875 7.6875 7.6875 7.6875 7.6875 7.625 7.625 7.625 7.625 7.625 7.5625 7.5625 7.5625 7.5625 7.5625 7.5 7.5 7.5 7.5 7.5 7.4375 7.4375 7.4375 7.4375 7.4375 7.375 7.375 7.375 7.375 7.375 7.3125 7.3125 7.3125 7.3125 7.3125 7.25 7.25 7.25 7.25 7.25 7.1875 7.1875 7.1875 7.1875 7.1875 7.125 7.125 7.125 7.125 7.125 7.0625 7.0625 7.0625 7.0625 7.0625 7.0 7.0 7.0 7.0 7.0 6.9375 6.9375 6.9375 6.9375 6.9375 6.875 6.875 6.875 6.875 6.875 6.8125 6.8125}
espresso_flow_goal {-1.0 3.5 3.5 3.5 3.5 3.5 3.5 3.5 3.5 3.5 3.5 3.5 3.5 3.5 3.5 3.5 3.5 3.5 3.5 3.5 3.5 3.5 3.5 3.5 3.5 3.5 3.5 3.5 3.5 3.5 3.5 3.5 3.5 3.5 3.5 3.5 3.5 3.5 3.5 3.5 3.5 3.5 3.5 3.5 3.5 3.5 3.5 3.5 -1.0 -1.0 -1.0 -1.0 -1.0 -1.0 -1.0 -1.0 -1.0 -1.0 -1.0 -1.0 -1.0 -1.0 -1.0 -1.0 -1.0 -1.0 -1.0 -1.0 -1.0 -1.0 -1.0 -1.0 -1.0 -1.0 -1.0 -1.0 -1.0 -1.0 -1.0 -1.0 -1.0 -1.0 -1.0 -1.0 -1.0 -1.0 -1.0 -1.0 -1.0 -1.0 -1.0 -1.0 -1.0 -1.0 -1.0 -1.0 -1.0 -1.0 -1.0 -1.0 -1.0 -1.0 -1.0 -1.0 -1.0 -1.0 -1.0 -1.0 -1.0 -1.0 -1.0 -1.0 -1.0 -1.0 -1.0 -1.0 -1.0 -1.0 -1.0 -1.0 -1.0 -1.0 -1.0 -1.0 -1.0 -1.0 -1.0 -1.0 -1.0 -1.0 -1.0 -1.0 -1.0 -1.0 -1.0 -1.0 -1.0 -1.0 -1.0 -1.0 -1.0 -1.0 -1.0 -1.0 -1.0 -1.0 -1.0 -1.0 -1.0 -1.0 -1.0 -1.0 -1.0 -1.0 -1.0 -1.0 -1.0 -1.0 -1.0 -1.0 -1.0 -1.0 -1.0 -1.0 -1.0 -1.0 -1.0 -1.0 -1.0 -1.0 -1.0 -1.0 -1.0 -1.0 -1.0 -1.0 -1.0 -1.0 -1.0 -1.0 -1.0 -1.0 -1.0 -1.0 -1.0 -1.0 -1.0}
espresso_temperature_goal {90.0 90.0 90.0 90.0 90.0 90.0 90.0 90.0 90.0 90.0 90.0 90.0 90.0 90.0 90.0 90.0 90.0 90.0 90.0 90.0 90.0 90.0 90.0 90.0 90.0 90.0 90.0 90.0 90.0 90.0 90.0 90.0 90.0 90.0 90.0 90.0 90.0 90.0 90.0 90.0 90.0 90.0 90.0 90.0 90.0 90.0 90.0 90.0 90.0 90.0 90.0 90.0 90.0 90.0 90.0 90.0 90.0 90.0 90.0 90.0 90.0 90.0 90.0 90.0 90.0 90.0 90.0 90.0 90.0 90.0 90.0 90.0 90.0 90.0 90.0 90.0 90.0 90.0 90.0 90.0 90.0 90.0 90.0 90.0 90.0 90.0 90.0 90.0 90.0 90.0 90.0 90.0 90.0 90.0 90.0 90.0 90.0 90.0 90.0 90.0 90.0 90.0 90.0 90.0 90.0 90.0 90.0 90.0 90.0 90.0 90.0 90.0 90.0 90.0 90.0 90.0 90.0 90.0 90.0 90.0 90.0 90.0 90.0 90.0 90.0 90.0 90.0 90.0 90.0 90.0 90.0 90.0 90.0 90.0 90.0 90.0 90.0 90.0 90.0 90.0 90.0 90.0 90.0 90.0 90.0 90.0 90.0 90.0 90.0 90.0 90.0 90.0 90.0 90.0 90.0 90.0 90.0 90.0 90.0 90.0 90.0 90.0 90.0 90.0 90.0 90.0 90.0 90.0 90.0 90.0 90.0 90.0 90.0 90.0 90.0 90.0 90.0 90.0 90.0 90.0 90.0 90.0 90.0 90.0 90.0 90.0 90.0}

