espresso_elapsed {0.0 0.007 0.223 0.405 0.629 0.854 1.034 1.26 1.44 1.664 1.889 2.07 2.295 2.519 2.699 2.925 3.149 3.329 3.554 3.734 3.959 4.184 4.364 4.589 4.814 4.994 5.219 5.399 5.624 5.849 6.029 6.254 6.479 6.659 6.884 7.065 7.289 7.514 7.694 7.919 8.144 8.325 8.549 8.775 8.953 9.179 9.358 9.584 9.809 9.989 10.214 10.44 10.619 10.844 11.027 11.249 11.474 11.654 11.879 12.104 12.284 12.509 12.689 12.914 13.139 13.319 13.544 13.769 13.949 14.174 14.354 14.579 14.804 14.984 15.209 15.434 15.614 15.839 16.019 16.244 16.469 16.649 16.874 17.099 17.279 17.504 17.684 17.909 18.134 18.313 18.539 18.764 18.944 19.169 19.393 19.574 19.798 19.979 20.204 20.428 20.608 20.833 21.06 21.238 21.464 21.644 21.869 22.094 22.273 22.499 22.724 22.904 23.129 23.309 23.534 23.759 23.939 24.164 24.389 24.569 24.794 25.019 25.199 25.424 25.603 25.829 26.053 26.234 26.459 26.684 26.864 27.089 27.269 27.494 27.719 27.899 28.124 28.348 28.528 28.754 28.933 29.159 29.384 29.564 29.788 30.014 30.194 30.418 30.6 30.824 31.048 31.229 31.453 31.678 31.858 32.083 32.263 32.489 32.714 32.894 33.118 33.343 33.523 33.748 33.974 34.153 34.379 34.558 34.783 35.009 35.189 35.414 35.638 35.819 36.043 36.223 36.449 36.673 36.854 37.078 37.303 37.484 37.708 37.889 38.113 38.338 38.518 38.744 38.968}
espresso_pressure {0.0 0.32 0.35 0.52 0.62 0.59 0.55 0.58 0.56 0.59 0.63 0.53 0.54 0.62 0.6 0.59 0.6 0.47 0.46 0.61 0.59 0.57 0.61 0.6 0.77 0.76 0.86 0.93 0.93 0.99 1.15 1.21 1.29 1.39 1.53 1.61 1.69 1.82 1.97 2.08 2.22 2.5 2.74 3.03 3.4 3.86 4.48 4.97 5.29 5.73 6.22 6.53 6.91 7.22 7.46 7.64 7.77 7.86 8.05 8.02 8.08 8.12 8.07 8.19 8.15 8.2 8.2 8.17 8.24 8.16 8.27 8.14 8.12 8.12 8.14 8.11 8.26 8.09 8.15 8.17 8.21 8.17 8.22 8.21 8.12 8.2 8.1 8.1 8.13 8.0 8.06 8.01 8.0 8.02 7.96 8.02 7.94 7.91 7.88 7.91 7.91 7.94 7.88 7.84 7.87 7.81 7.83 7.88 7.79 7.78 7.76 7.78 7.74 7.75 7.72 7.73 7.7 7.66 7.66 7.68 7.65 7.66 7.66 7.58 7.56 7.61 7.57 7.55 7.6 7.54 7.51 7.53 7.48 7.43 7.52 7.5 7.43 7.43 7.45 7.41 7.36 7.44 7.37 7.36 7.38 7.3 7.34 7.31 7.31 7.3 7.25 7.28 7.26 7.25 7.22 7.21 7.2 7.18 7.19 7.14 7.11 7.18 7.14 7.1 7.08 7.09 7.08 7.05 7.04 7.07 7.01 7.01 7.01 7.01 6.95 6.97 7.0 6.91 6.92 6.95 6.88 6.94 6.85 6.85 6.86 6.85 6.83 6.79 6.79}
espresso_weight {0.0 0.0 0.0 0.0 0.0 0.0 0.0 0.0 0.0 0.0 0.0 0.0 0.0 0.0 0.0 0.0 0.0 0.0 0.0 0.0 0.0 0.0 0.0 0.0 0.0 0.0 0.0 0.0 0.0 0.0 0.0 0.0 0.0 0.0 0.0 0.0 0.0 0.0 0.0 0.0 0.0 0.0 0.0 0.0 0.0 0.0 0.0 0.0 0.0 0.0 0.0 0.0 0.0 0.0 0.0 0.0 0.0 0.0 0.0 0.0 0.0 0.0 0.0 0.0 0.0 0.0 0.0 0.0 0.0 0.0 0.0 0.0 0.0 0.0 0.0 0.0 0.0 0.0 0.0 0.0 0.0 0.0 0.0 0.0 0.0 0.0 0.0 0.0 0.0 0.0 0.0 0.0 0.0 0.0 0.0 0.0 0.0 0.0 0.0 0.0 0.0 0.0 0.0 0.0 0.0 0.0 0.0 0.0 0.0 0.0 0.0 0.0 0.0 0.0 0.0 0.0 0.0 0.0 0.0 0.0 0.0 0.0 0.0 0.0 0.0 0.0 0.0 0.0 0.0 0.0 0.0 0.0 0.0 0.0 0.0 0.0 0.0 0.0 0.0 0.0 0.0 0.0 0.0 0.0 0.0 0.0 0.0 0.0 0.0 0.0 0.0 0.0 0.0 0.0 0.0 0.0 0.0 0.0 0.0 0.0 0.0 0.0 0.0 0.0 0.0 0.0 0.0 0.0 0.0 0.0 0.0 0.0 0.0 0.0 0.0 0.0 0.0 0.0 0.0 0.0 0.0 0.0 0.0 0.0 0.0 0.0 0.0 0.0 0.0}
espresso_flow {0.0 3.95 3.86 3.74 3.65 3.56 3.64 3.54 3.55 3.53 3.54 3.54 3.58 3.53 3.51 3.54 3.49 3.51 3.52 3.5 3.54 3.49 3.51 3.57 3.5 3.49 3.52 3.45 3.49 3.45 3.49 3.44 3.47 3.47 3.45 3.51 3.46 3.49 3.53 3.5 3.48 3.48 3.46 3.41 3.4 3.44 3.33 3.05 2.8 2.59 2.38 2.24 2.06 1.9 1.73 1.57 1.46 1.38 1.23 1.12 1.08 0.99 0.98 0.92 0.91 0.88 0.84 0.85 0.81 0.84 0.78 0.79 0.78 0.82 0.79 0.82 0.78 0.83 0.8 0.8 0.77 0.82 0.82 0.81 0.86 0.82 0.84 0.86 0.83 0.88 0.89 0.88 0.89 0.9 0.9 0.86 0.87 0.91 0.94 0.96 0.97 0.94 0.96 0.96 0.97 0.99 1.0 0.98 0.98 1.0 1.01 0.99 0.99 0.98 1.0 1.02 1.04 1.05 1.06 1.07 1.07 1.05 1.05 1.07 1.1 1.12 1.12 1.1 1.11 1.12 1.11 1.08 1.12 1.17 1.14 1.11 1.15 1.13 1.13 1.14 1.14 1.15 1.16 1.18 1.16 1.21 1.18 1.21 1.22 1.23 1.26 1.25 1.27 1.3 1.3 1.31 1.31 1.33 1.32 1.32 1.32 1.34 1.32 1.35 1.35 1.38 1.37 1.37 1.38 1.38 1.39 1.38 1.41 1.41 1.42 1.43 1.42 1.45 1.45 1.44 1.46 1.42 1.43 1.42 1.45 1.46 1.44 1.47 1.48}
espresso_flow_weight {0.0 0.0 0.0 0.0 0.0 0.0 0.0 0.0 0.0 0.0 0.0 0.0 0.0 0.0 0.0 0.0 0.0 0.0 0.0 0.0 0.0 0.0 0.0 0.0 0.0 0.0 0.0 0.0 0.0 0.0 0.0 0.0 0.0 0.0 0.0 0.0 0.0 0.0 0.0 0.0 0.0 0.0 0.0 0.0 0.0 0.0 0.0 0.0 0.0 0.0 0.0 0.0 0.0 0.0 0.0 0.0 0.0 0.0 0.0 0.0 0.0 0.0 0.0 0.0 0.0 0.0 0.0 0.0 0.0 0.0 0.0 0.0 0.0 0.0 0.0 0.0 0.0 0.0 0.0 0.0 0.0 0.0 0.0 0.0 0.0 0.0 0.0 0.0 0.0 0.0 0.0 0.0 0.0 0.0 0.0 0.0 0.0 0.0 0.0 0.0 0.0 0.0 0.0 0.0 0.0 0.0 0.0 0.0 0.0 0.0 0.0 0.0 0.0 0.0 0.0 0.0 0.0 0.0 0.0 0.0 0.0 0.0 0.0 0.0 0.0 0.0 0.0 0.0 0.0 0.0 0.0 0.0 0.0 0.0 0.0 0.0 0.0 0.0 0.0 0.0 0.0 0.0 0.0 0.0 0.0 0.0 0.0 0.0 0.0 0.0 0.0 0.0 0.0 0.0 0.0 0.0 0.0 0.0 0.0 0.0 0.0 0.0 0.0 0.0 0.0 0.0 0.0 0.0 0.0 0.0 0.0 0.0 0.0 0.0 0.0 0.0 0.0 0.0 0.0 0.0 0.0 0.0 0.0 0.0 0.0 0.0 0.0 0.0 0.0}
espresso_flow_weight_raw {0.0 0.0 0.0 0.0 0.0 0.0 0.0 0.0 0.0 0.0 0.0 0.0 0.0 0.0 0.0 0.0 0.0 0.0 0.0 0.0 0.0 0.0 0.0 0.0 0.0 0.0 0.0 0.0 0.0 0.0 0.0 0.0 0.0 0.0 0.0 0.0 0.0 0.0 0.0 0.0 0.0 0.0 0.0 0.0 0.0 0.0 0.0 0.0 0.0 0.0 0.0 0.0 0.0 0.0 0.0 0.0 0.0 0.0 0.0 0.0 0.0 0.0 0.0 0.0 0.0 0.0 0.0 0.0 0.0 0.0 0.0 0.0 0.0 0.0 0.0 0.0 0.0 0.0 0.0 0.0 0.0 0.0 0.0 0.0 0.0 0.0 0.0 0.0 0.0 0.0 0.0 0.0 0.0 0.0 0.0 0.0 0.0 0.0 0.0 0.0 0.0 0.0 0.0 0.0 0.0 0.0 0.0 0.0 0.0 0.0 0.0 0.0 0.0 0.0 0.0 0.0 0.0 0.0 0.0 0.0 0.0 0.0 0.0 0.0 0.0 0.0 0.0 0.0 0.0 0.0 0.0 0.0 0.0 0.0 0.0 0.0 0.0 0.0 0.0 0.0 0.0 0.0 0.0 0.0 0.0 0.0 0.0 0.0 0.0 0.0 0.0 0.0 0.0 0.0 0.0 0.0 0.0 0.0 0.0 0.0 0.0 0.0 0.0 0.0 0.0 0.0 0.0 0.0 0.0 0.0 0.0 0.0 0.0 0.0 0.0 0.0 0.0 0.0 0.0 0.0 0.0 0.0 0.0 0.0 0.0 0.0 0.0 0.0 0.0}
espresso_temperature_basket {90.0 85.4 85.69 85.92 85.8 85.79 85.82 85.87 85.87 85.8 85.83 85.89 85.85 85.9 85.91 85.83 85.83 85.86 85.88 85.95 86.06 86.39 86.86 87.18 87.47 87.66 87.85 88.09 88.33 88.51 88.7 88.89 89.06 89.16 89.3 89.48 89.61 89.75 89.84 89.97 90.0 90.16 90.09 90.13 90.14 90.15 90.06 90.13 90.28 90.17 90.2 90.23 90.29 90.35 90.33 90.31 90.33 90.32 90.24 90.31 90.26 90.32 90.32 90.27 90.27 90.28 90.23 90.2 90.21 90.25 90.18 90.17 90.16 90.12 90.12 90.06 90.1 90.09 90.03 90.11 90.05 90.03 89.99 89.99 89.99 89.99 90.02 89.98 89.92 89.92 89.94 89.92 89.94 89.89 89.86 89.86 89.85 89.77 89.69 89.74 89.73 89.71 89.73 89.69 89.7 89.67 89.65 89.6 89.58 89.57 89.56 89.59 89.63 89.62 89.57 89.55 89.57 89.56 89.56 89.62 89.62 89.59 89.6 89.67 89.69 89.67 89.66 89.74 89.73 89.81 89.84 89.85 89.85 89.84 89.9 89.93 89.93 90.01 90.05 90.11 90.18 90.18 90.19 90.19 90.24 90.34 90.24 90.25 90.34 90.39 90.44 90.48 90.43 90.45 90.54 90.63 90.64 90.64 90.66 90.68 90.63 90.72 90.76 90.78 90.78 90.81 90.79 90.84 90.78 90.81 90.78 90.81 90.83 90.79 90.85 90.82 90.78 90.77 90.86 90.9 90.87 90.85 90.79 90.84 90.91 90.82 90.79 90.83 90.79}
espresso_temperature_mix {90.0 89.39 89.16 86.59 85.55 85.78 86.2 86.91 87.76 88.34 89.16 89.86 90.32 90.91 91.57 91.78 92.18 92.24 92.31 92.41 92.38 92.38 92.48 92.38 92.28 92.34 92.04 92.18 92.04 92.01 91.88 91.88 91.64 91.54 91.54 91.48 91.41 91.18 91.18 91.04 90.98 90.81 90.81 90.71 90.52 90.48 90.35 90.29 90.05 90.02 89.86 89.79 89.76 89.62 89.49 89.49 89.36 89.26 89.1 89.23 89.16 89.0 89.03 88.97 88.93 88.87 88.8 88.71 88.67 88.61 88.54 88.54 88.51 88.34 88.28 88.18 88.09 88.09 87.98 87.98 87.98 87.98 87.98 88.02 87.92 87.82 88.02 87.95 88.02 88.05 87.98 88.21 88.12 88.21 88.25 88.41 88.57 88.61 88.67 88.84 88.9 88.84 89.13 89.07 89.33 89.3 89.49 89.56 89.82 89.72 89.95 90.02 90.15 90.22 90.41 90.52 90.58 90.61 90.78 90.78 90.88 90.98 91.04 91.14 91.21 91.34 91.28 91.44 91.48 91.57 91.64 91.74 91.78 91.88 91.94 91.88 92.01 91.91 92.04 92.04 91.94 91.91 91.88 92.01 92.04 92.04 91.91 91.88 91.94 91.88 91.84 91.88 91.88 91.68 91.61 91.68 91.71 91.64 91.74 91.64 91.64 91.54 91.57 91.51 91.44 91.48 91.44 91.54 91.34 91.31 91.21 91.28 91.28 91.28 91.14 91.14 91.14 90.95 91.01 90.98 90.88 90.81 90.71 90.84 90.65 90.75 90.65 90.65 90.55}
espresso_water_dispensed {0.0 0.08230082194010419 0.16278076171875 0.2407684326171875 0.3167266845703125 0.39087931315104174 0.46680704752604174 0.54046630859375 0.6143900553385417 0.6879679361979167 0.7617899576822917 0.8355305989583335 0.9100189208984375 0.9835306803385416 1.0565948486328125 1.1303965250651042 1.20306396484375 1.2761433919270835 1.3495381673177085 1.422398885091146 1.4960581461588545 1.5688629150390627 1.6419423421223962 1.716257731119792 1.78912353515625 1.8618367513020833 1.9351348876953125 2.0070648193359375 2.079686482747396 2.151494344075521 2.224212646484375 2.295842488606771 2.368158976236979 2.440526326497396 2.5123697916666665 2.585479736328125 2.657582600911458 2.730387369791666 2.8038584391276036 2.876719156901041 2.949320475260416 3.0218556722005205 3.093892415364583 3.1649424235026036 3.235763549804687 3.307393391927083 3.3768361409505205 3.440409342447916 3.4988403320312496 3.552866617838541 3.6024475097656246 3.6491139729817705 3.6920216878255205 3.7316233317057286 3.7676645914713536 3.800282796223958 3.830637613932291 3.859324137369791 3.885019938151041 3.9083201090494786 3.930740356445312 3.951400756835937 3.971720377604166 3.990854899088541 4.009750366210937 4.028157552083333 4.0455678304036455 4.063313802083333 4.080184936523437 4.097737630208333 4.1139272054036455 4.1303151448567705 4.146530151367187 4.1636098225911455 4.179987589518229 4.197092692057291 4.2134450276692705 4.230738321940104 4.247446695963541 4.264211018880208 4.280334472656249 4.2973988850911455 4.314503987630208 4.331293741861979 4.349258422851562 4.3663686116536455 4.383799235026041 4.401753743489583 4.419113159179687 4.4374745686848955 4.455912272135416 4.474319458007812 4.492950439453124 4.511637369791666 4.530456542968749 4.548461914062499 4.566650390624999 4.585657755533854 4.605153401692708 4.625172932942708 4.645477294921874 4.665084838867187 4.684997558593749 4.704920450846354 4.725112915039062 4.745635986328124 4.766499837239583 4.786936442057291 4.807261149088541 4.827992757161458 4.849080403645833 4.869654337565104 4.890223185221354 4.9105377197265625 4.931330362955729 4.952509562174479 4.9740753173828125 4.99591064453125 5.01800537109375 5.040273030598958 5.062616984049479 5.084452311197916 5.106226603190104 5.1285146077473955 5.151519775390625 5.174830118815104 5.1982269287109375 5.221155802408854 5.24420166015625 5.267557779947916 5.29071044921875 5.313273111979166 5.336664835611979 5.361094156901041 5.384816487630208 5.408040364583333 5.432047526041666 5.4555409749348955 5.47906494140625 5.502817789713542 5.526641845703125 5.5505015055338545 5.5747019449869795 5.599192301432292 5.6234181722005205 5.648529052734375 5.67315165201823 5.698282877604168 5.723795572916668 5.749420166015625 5.775583902994793 5.80169677734375 5.828135172526043 5.8551483154296875 5.882242838541668 5.909576416015625 5.936920166015625 5.9645436604817705 5.992095947265625 6.0196685791015625 6.047078450520833 6.074940999348958 6.1025339762369795 6.1307322184244795 6.1588490804036455 6.187540690104167 6.216176350911458 6.2446950276692705 6.273518880208333 6.302296956380208 6.3312327067057295 6.3600413004557295 6.3893280029296875 6.418604532877604 6.448191324869791 6.477991739908854 6.5076751708984375 6.537928263346354 6.5680592854817705 6.598134358723958 6.6285247802734375 6.6581573486328125 6.6878814697265625 6.717524210611979 6.7477569580078125 6.778193155924479 6.808100382486979 6.838740030924479 6.8695068359375}
espresso_pressure_delta {0.0 0.017787388392857144 0.00013137612107623318 0.0004147376543209877 0.00016107847277424482 3.71642637587822e-5 4.0375287113152804e-5 2.6157924107142856e-5 1.1020236545138889e-5 1.3204721304086539e-5 2.1971363816834305e-5 4.505397041062802e-5 1.5956903594771242e-6 3.1014291385470424e-5 5.065533530937385e-6 2.3370726495726496e-6 5.427070101619562e-7 3.8208851194052265e-5 3.5721194428812604e-6 4.0799076057846816e-5 4.563376168224299e-6 5.3682929015296365e-6 9.622407768102658e-6 1.5960380801917629e-6 3.438457493768176e-5 1.0755093612334803e-6 1.772931536213834e-5 1.4198954667531024e-5 1.0418518847795165e-6 1.0101219225508634e-5 2.7819639969314978e-5 9.369003837543972e-6 1.1417596754900448e-5 1.5618547266856885e-5 2.099524259151656e-5 1.0816138092710545e-5 1.1455082144327068e-5 1.6505647790790524e-5 1.9292630621263323e-5 1.4489972692259123e-5 1.7567093105353633e-5 3.360782657657658e-5 2.7187024798222014e-5 3.341457443019943e-5 4.125821128392717e-5 5.061549290500054e-5 6.53789705332336e-5 5.1609860835767944e-5 3.2878964789988785e-5 4.401814652367604e-5 4.747046027511259e-5 3.0307112068965517e-5 3.549798709859685e-5 2.8525098844983402e-5 2.1896715165049422e-5 1.5865125511156547e-5 1.0979306475509848e-5 7.918753754075854e-6 1.5948575216769087e-5 2.722982846579643e-6 5.048169875447737e-6 3.2203376069230153e-6 3.7711058791078887e-6 9.036643855505652e-6 2.545647737651267e-6 3.317775593137623e-6 1.2618018126107501e-7 2.0036234022078582e-6 4.830655423327837e-6 5.305158212219557e-6 7.415724710881984e-6 8.94238930996639e-6 7.586104262361524e-7 4.7250921816604377e-7 1.7176045022683937e-6 2.2462076422184788e-6 9.475420696170103e-6 1.0573929462087254e-5 4.0235423559523066e-6 1.0671007371952722e-6 2.4163532621895684e-6 2.668844600276293e-6 3.09624829619533e-6 4.2834193520088897e-7 5.04416940361132e-6 4.0866775094264165e-6 5.1495393081316444e-6 5.452914735607795e-7 1.7232822322708725e-6 6.919073028722765e-6 3.0552146825610874e-6 2.719323738275421e-6 5.154996304898649e-7 1.120787469351557e-6 2.983619250502759e-6 3.168065737713293e-6 4.03242672870997e-6 1.661901246308624e-6 1.4983883141952088e-6 1.6253732621891521e-6 2.843252620341615e-7 1.5351808128930063e-6 2.5503768993352327e-6 1.9197421779357753e-6 1.2511865798546403e-6 2.526681759379043e-6 8.707745553065984e-7 1.9116650730967685e-6 3.7487583060207427e-6 5.968147195430908e-7 7.735488910403098e-7 9.273591676126441e-7 1.9105647941977605e-6 4.399118902569823e-7 1.3071181588340273e-6 3.288227619007534e-7 8.974633443335144e-7 2.0004901402913425e-6 1.0010276149083602e-8 1.0235045942040784e-6 1.3293129134064694e-6 5.171850643510932e-7 1.937700900829398e-7 3.0440756027769037e-6 7.342431795102136e-7 1.7392030276046304e-6 1.2557035178290408e-6 8.468703543111992e-7 1.8731073311538607e-6 2.2049876564608005e-6 1.3359392449002383e-6 8.922412003027059e-7 1.754797113938905e-6 1.8292343329453699e-6 3.056271758541073e-6 7.263225160400014e-7 2.3351524720878963e-6 1.7224539650063498e-8 5.990550949943914e-7 1.2820906439104124e-6 1.6623130378806207e-6 2.5536846471072396e-6 2.3097976364688266e-6 3.550956188269517e-7 6.638710428696119e-7 2.6842942043712935e-6 1.3503174264754588e-6 1.0032736578670524e-6 7.978451797385622e-9 1.9009132494160395e-7 1.5962556968242722e-6 8.052286136283582e-7 4.4243842002352716e-7 4.3929590330828964e-7 8.19983893370582e-7 5.402856458248917e-7 2.3458324938784366e-7 6.612815106651482e-7 4.253841054288684e-7 1.6476931583267464e-6 7.592996067093424e-7 2.130729744624059e-6 1.2162242154640097e-6 1.2587551484532417e-6 5.030271310413846e-7 3.431250549000088e-7 5.042026927775677e-7 8.053715854505469e-7 2.4566374018917285e-7 7.252599331600445e-7 1.5471698364545738e-6 3.44695071158299e-8 8.220684381839609e-8 0.0 1.8559645770329884e-6 6.335537848880546e-7 9.176456315673955e-7 2.6362633954135193e-6 4.3059479635860424e-7 7.374656130319866e-7 1.8587228239015628e-6 1.5631669512325258e-6 2.447362794367243e-6 1.4820223217820476e-7 2.241996661244195e-7 3.8208663727893995e-7 3.4227098369593437e-7 1.06493303801879e-6 2.506062666803531e-8}
espresso_flow_delta_negative 0.0
espresso_flow_delta_negative_2x 0.0
espresso_resistance {0.0 0.02 0.02 0.04 0.05 0.05 0.04 0.05 0.04 0.05 0.05 0.04 0.04 0.05 0.05 0.05 0.05 0.04 0.04 0.05 0.05 0.05 0.05 0.05 0.06 0.06 0.07 0.08 0.08 0.08 0.09 0.1 0.11 0.12 0.13 0.13 0.14 0.15 0.16 0.17 0.18 0.21 0.23 0.26 0.29 0.33 0.4 0.53 0.67 0.85 1.1 1.3 1.63 2.0 2.49 3.12 3.66 4.14 5.29 6.41 6.97 8.25 8.48 9.7 9.91 10.5 11.73 11.26 12.56 11.5 13.69 13.15 13.41 12.08 13.18 12.03 13.4 11.74 12.68 12.62 13.71 12.17 12.19 12.64 10.93 12.15 11.58 10.9 11.7 10.3 10.29 10.25 10.0 9.96 9.75 10.74 10.42 9.5 9.0 8.57 8.32 8.96 8.63 8.58 8.38 8.05 7.81 8.18 8.19 7.86 7.58 7.98 7.94 8.15 7.75 7.48 7.19 6.97 6.81 6.72 6.65 6.97 7.01 6.62 6.2 6.07 6.0 6.23 6.21 6.0 6.08 6.42 5.93 5.4 5.8 6.03 5.6 5.84 5.84 5.7 5.63 5.67 5.46 5.33 5.46 5.02 5.25 5.02 4.87 4.83 4.6 4.63 4.51 4.31 4.27 4.19 4.18 4.08 4.11 4.07 4.11 4.02 4.07 3.88 3.89 3.74 3.75 3.76 3.68 3.7 3.63 3.67 3.55 3.55 3.44 3.41 3.45 3.28 3.31 3.33 3.23 3.43 3.36 3.38 3.26 3.21 3.32 3.14 3.11}
espresso_resistance_weight {0.0 0.0 0.0 0.0 0.0 0.0 0.0 0.0 0.0 0.0 0.0 0.0 0.0 0.0 0.0 0.0 0.0 0.0 0.0 0.0 0.0 0.0 0.0 0.0 0.0 0.0 0.0 0.0 0.0 0.0 0.0 0.0 0.0 0.0 0.0 0.0 0.0 0.0 0.0 0.0 0.0 0.0 0.0 0.0 0.0 0.0 0.0 0.0 0.0 0.0 0.0 0.0 0.0 0.0 0.0 0.0 0.0 0.0 0.0 0.0 0.0 0.0 0.0 0.0 0.0 0.0 0.0 0.0 0.0 0.0 0.0 0.0 0.0 0.0 0.0 0.0 0.0 0.0 0.0 0.0 0.0 0.0 0.0 0.0 0.0 0.0 0.0 0.0 0.0 0.0 0.0 0.0 0.0 0.0 0.0 0.0 0.0 0.0 0.0 0.0 0.0 0.0 0.0 0.0 0.0 0.0 0.0 0.0 0.0 0.0 0.0 0.0 0.0 0.0 0.0 0.0 0.0 0.0 0.0 0.0 0.0 0.0 0.0 0.0 0.0 0.0 0.0 0.0 0.0 0.0 0.0 0.0 0.0 0.0 0.0 0.0 0.0 0.0 0.0 0.0 0.0 0.0 0.0 0.0 0.0 0.0 0.0 0.0 0.0 0.0 0.0 0.0 0.0 0.0 0.0 0.0 0.0 0.0 0.0 0.0 0.0 0.0 0.0 0.0 0.0 0.0 0.0 0.0 0.0 0.0 0.0 0.0 0.0 0.0 0.0 0.0 0.0 0.0 0.0 0.0 0.0 0.0 0.0 0.0 0.0 0.0 0.0 0.0 0.0}
espresso_state_change {0.0 10000000.0 10000000.0 10000000.0 10000000.0 10000000.0 10000000.0 10000000.0 10000000.0 10000000.0 10000000.0 10000000.0 10000000.0 10000000.0 10000000.0 10000000.0 10000000.0 10000000.0 10000000.0 10000000.0 10000000.0 10000000.0 10000000.0 10000000.0 10000000.0 10000000.0 10000000.0 10000000.0 10000000.0 10000000.0 10000000.0 10000000.0 10000000.0 10000000.0 10000000.0 10000000.0 10000000.0 10000000.0 10000000.0 10000000.0 10000000.0 10000000.0 10000000.0 10000000.0 10000000.0 -10000000.0 -10000000.0 -10000000.0 -10000000.0 -10000000.0 -10000000.0 -10000000.0 -10000000.0 -10000000.0 -10000000.0 -10000000.0 -10000000.0 -10000000.0 -10000000.0 10000000.0 10000000.0 10000000.0 10000000.0 10000000.0 10000000.0 10000000.0 10000000.0 10000000.0 10000000.0 -10000000.0 -10000000.0 -10000000.0 -10000000.0 -10000000.0 -10000000.0 -10000000.0 -10000000.0 -10000000.0 -10000000.0 -10000000.0 -10000000.0 -10000000.0 -10000000.0 10000000.0 10000000.0 10000000.0 10000000.0 10000000.0 10000000.0 10000000.0 10000000.0 10000000.0 10000000.0 10000000.0 10000000.0 10000000.0 10000000.0 10000000.0 10000000.0 10000000.0 10000000.0 10000000.0 10000000.0 10000000.0 10000000.0 10000000.0 10000000.0 10000000.0 10000000.0 10000000.0 10000000.0 10000000.0 10000000.0 10000000.0 10000000.0 10000000.0 10000000.0 10000000.0 10000000.0 10000000.0 10000000.0 10000000.0 10000000.0 10000000.0 10000000.0 10000000.0 10000000.0 10000000.0 10000000.0 10000000.0 10000000.0 10000000.0 10000000.0 10000000.0 10000000.0 10000000.0 10000000.0 10000000.0 10000000.0 10000000.0 10000000.0 10000000.0 10000000.0 10000000.0 10000000.0 10000000.0 10000000.0 10000000.0 10000000.0 10000000.0 10000000.0 10000000.0 10000000.0 10000000.0 10000000.0 10000000.0 10000000.0 10000000.0 10000000.0 10000000.0 10000000.0 10000000.0 10000000.0 10000000.0 10000000.0 10000000.0 10000000.0 10000000.0 10000000.0 10000000.0 10000000.0 10000000.0 10000000.0 10000000.0 10000000.0 10000000.0 10000000.0 10000000.0 10000000.0 10000000.0 10000000.0 10000000.0 10000000.0 10000000.0 10000000.0 10000000.0 10000000.0 10000000.0 10000000.0}
espresso_pressure_goal {-1.0 -1.0 -1.0 -1.0 -1.0 -1.0 -1.0 -1.0 -1.0 -1.0 -1.0 -1.0 -1.0 -1.0 -1.0 -1.0 -1.0 -1.0 -1.0 -1.0 -1.0 -1.0 -1.0 -1.0 -1.0 -1.0 -1.0 -1.0 -1.0 -1.0 -1.0 -1.0 -1.0 -1.0 -1.0 -1.0 -1.0 -1.0 -1.0 -1.0 -1.0 -1.0 -1.0 -1.0 -1.0 5.375 6.375 7.0 7.4375 7.6875 7.875 8.0 8.0625 8.125 8.125 8.1875 8.1875 8.1875 8.1875 8.125 8.1875 8.1875 8.1875 8.1875 8.1875 8.1875 8.1875 8.1875 8.1875 8.0625 8.125 8.125 8.1875 8.1875 8.1875 8.1875 8.1875 8.1875 8.1875 8.1875 8.1875 8.1875 8.1875 8.0625 8.0625 8.0625 8.0 8.0 8.0 8.0 8.0 8.0 7.9375 7.9375 7.9375 7.9375 7.9375 7.875 7.875 7.875 7.875 7.875 7.8125 7.8125 7.8125 7.8125 7.8125 7.75 7.75 7.75 7.75 7.75 7.6875 7.6875 7.6875 7.6875 7.6875 7.625 7.625 7.625 7.625 7.5625 7.5625 7.5625 7.5625 7.5625 7.5 7.5 7.5 7.5 7.5 7.4375 7.4375 7.4375 7.4375 7.4375 7.375 7.375 7.375 7.375 7.375 7.3125 7.3125 7.3125 7.3125 7.3125 7.25 7.25 7.25 7.25 7.25 7.1875 7.1875 7.1875 7.1875 7.1875 7.125 7.125 7.125 7.125 7.125 7.0625 7.0625 7.0625 7.0625 7.0625 7.0 7.0 7.0 7.0 7.0 6.9375 6.9375 6.9375 6.9375 6.9375 6.875 6.875 6.875 6.875 6.875 6.8125 6.8125 6.8125 6.8125 6.8125 6.75 6.75 6.75}
espresso_flow_goal {-1.0 3.5 3.5 3.5 3.5 3.5 3.5 3.5 3.5 3.5 3.5 3.5 3.5 3.5 3.5 3.5 3.5 3.5 3.5 3.5 3.5 3.5 3.5 3.5 3.5 3.5 3.5 3.5 3.5 3.5 3.5 3.5 3.5 3.5 3.5 3.5 3.5 3.5 3.5 3.5 3.5 3.5 3.5 3.5 3.5 -1.0 -1.0 -1.0 -1.0 -1.0 -1.0 -1.0 -1.0 -1.0 -1.0 -1.0 -1.0 -1.0 -1.0 -1.0 -1.0 -1.0 -1.0 -1.0 -1.0 -1.0 -1.0 -1.0 -1.0 -1.0 -1.0 -1.0 -1.0 -1.0 -1.0 -1.0 -1.0 -1.0 -1.0 -1.0 -1.0 -1.0 -1.0 -1.0 -1.0 -1.0 -1.0 -1.0 -1.0 -1.0 -1.0 -1.0 -1.0 -1.0 -1.0 -1.0 -1.0 -1.0 -1.0 -1.0 -1.0 -1.0 -1.0 -1.0 -1.0 -1.0 -1.0 -1.0 -1.0 -1.0 -1.0 -1.0 -1.0 -1.0 -1.0 -1.0 -1.0 -1.0 -1.0 -1.0 -1.0 -1.0 -1.0 -1.0 -1.0 -1.0 -1.0 -1.0 -1.0 -1.0 -1.0 -1.0 -1.0 -1.0 -1.0 -1.0 -1.0 -1.0 -1.0 -1.0 -1.0 -1.0 -1.0 -1.0 -1.0 -1.0 -1.0 -1.0 -1.0 -1.0 -1.0 -1.0 -1.0 -1.0 -1.0 -1.0 -1.0 -1.0 -1.0 -1.0 -1.0 -1.0 -1.0 -1.0 -1.0 -1.0 -1.0 -1.0 -1.0 -1.0 -1.0 -1.0 -1.0 -1.0 -1.0 -1.0 -1.0 -1.0 -1.0 -1.0 -1.0 -1.0 -1.0 -1.0 -1.0 -1.0 -1.0 -1.0 -1.0}
espresso_temperature_goal {90.0 90.0 90.0 90.0 90.0 90.0 90.0 90.0 90.0 90.0 90.0 90.0 90.0 90.0 90.0 90.0 90.0 90.0 90.0 90.0 90.0 90.0 90.0 90.0 90.0 90.0 90.0 90.0 90.0 90.0 90.0 90.0 90.0 90.0 90.0 90.0 90.0 90.0 90.0 90.0 90.0 90.0 90.0 90.0 90.0 90.0 90.0 90.0 90.0 90.0 90.0 90.0 90.0 90.0 90.0 90.0 90.0 90.0 90.0 90.0 90.0 90.0 90.0 90.0 90.0 90.0 90.0 90.0 90.0 90.0 90.0 90.0 90.0 90.0 90.0 90.0 90.0 90.0 90.0 90.0 90.0 90.0 90.0 90.0 90.0 90.0 90.0 90.0 90.0 90.0 90.0 90.0 90.0 90.0 90.0 90.0 90.0 90.0 90.0 90.0 90.0 90.0 90.0 90.0 90.0 90.0 90.0 90.0 90.0 90.0 90.0 90.0 90.0 90.0 90.0 90.0 90.0 90.0 90.0 90.0 90.0 90.0 90.0 90.0 90.0 90.0 90.0 90.0 90.0 90.0 90.0 90.0 90.0 90.0 90.0 90.0 90.0 90.0 90.0 90.0 90.0 90.0 90.0 90.0 90.0 90.0 90.0 90.0 90.0 90.0 90.0 }

