espresso_elapsed {0.0 0.044 0.223 0.447 0.628 0.853 1.078 1.258 1.483 1.708 1.888 2.113 2.293 2.518 2.742 2.923 3.148 3.373 3.553 3.778 3.958 4.182 4.407 4.587 4.813 5.037 5.218 5.442 5.623 5.847 6.073 6.253 6.477 6.702 6.882 7.108 7.334 7.512 7.739 7.917 8.143 8.368 8.548 8.773 8.998 9.178 9.403 9.582 9.808 10.032 10.212 10.437 10.662 10.842 11.068 11.247 11.473 11.697 11.877 12.102 12.328 12.508 12.732 12.912 13.138 13.363 13.543 13.768 13.993 14.172 14.398 14.623 14.802 15.027 15.207 15.432 15.658 15.838 16.062 16.287 16.468 16.693 16.872 17.098 17.322 17.503 17.727 17.952 18.132 18.357 18.538 18.762 18.987 19.167 19.392 19.617 19.796 20.023 20.202 20.427 20.652 20.832 21.057 21.283 21.462 21.687 21.912 22.092 22.318 22.497 22.723 22.947 23.127 23.353 23.578 23.757 23.982 24.162 24.388 24.612 24.793 25.018 25.242 25.423 25.648 25.827 26.052 26.277 26.457 26.683 26.907 27.087 27.313 27.493 27.718 27.943 28.122 28.348 28.571 28.753 28.977 29.157 29.384 29.607 29.787 30.012 30.237 30.417 30.642 30.867 31.047 31.273 31.452 31.677 31.902 32.082 32.307}
espresso_pressure {0.0 0.3 0.31 0.37 0.43 0.43 0.68 0.6 0.5 0.58 0.57 0.55 0.5 0.47 0.5 0.62 0.59 0.59 0.54 0.5 0.53 0.5 0.44 0.47 0.53 0.48 0.53 0.57 0.55 0.63 0.71 0.8 0.9 0.9 1.0 1.03 1.09 1.21 1.3 1.34 1.43 1.6 1.66 1.79 2.01 2.16 2.29 2.5 2.65 2.9 3.32 3.58 3.91 4.46 5.08 5.66 6.17 6.58 6.88 7.15 7.37 7.6 7.62 7.78 7.87 7.89 7.88 7.87 7.89 7.89 7.93 7.89 7.94 7.96 7.99 7.98 7.93 7.95 7.97 7.96 7.95 7.92 8.0 7.99 7.98 7.98 8.0 8.01 7.99 7.96 7.96 7.87 7.78 7.85 7.85 7.71 7.74 7.8 7.76 7.68 7.66 7.73 7.68 7.64 7.62 7.61 7.61 7.62 7.59 7.63 7.61 7.56 7.6 7.52 7.5 7.64 7.5 7.49 7.52 7.51 7.4 7.49 7.5 7.47 7.51 7.42 7.41 7.46 7.39 7.43 7.42 7.36 7.37 7.36 7.36 7.34 7.32 7.29 7.38 7.31 7.29 7.28 7.26 7.28 7.27 7.28 7.22 7.22 7.21 7.21 7.19 7.19 7.2 7.19 7.12 7.16 7.08}
espresso_weight {0.0 0.0 0.0 0.0 0.0 0.0 0.0 0.0 0.0 0.0 0.0 0.0 0.0 0.0 0.0 0.0 0.0 0.0 0.0 0.0 0.0 0.0 0.0 0.0 0.0 0.0 0.0 0.0 0.0 0.0 0.0 0.0 0.0 0.0 0.0 0.0 0.0 0.0 0.0 0.0 0.0 0.0 0.0 0.0 0.0 0.0 0.0 0.0 0.0 0.0 0.0 0.0 0.0 0.0 0.0 0.0 0.0 0.0 0.0 0.0 0.0 0.0 0.0 0.0 0.0 0.0 0.0 0.0 0.0 0.0 0.0 0.0 0.0 0.0 0.0 0.0 0.0 0.0 0.0 0.0 0.0 0.0 0.0 0.0 0.0 0.0 0.0 0.0 0.0 0.0 0.0 0.0 0.0 0.0 0.0 0.0 0.0 0.0 0.0 0.0 0.0 0.0 0.0 0.0 0.0 0.0 0.0 0.0 0.0 0.0 0.0 0.0 0.0 0.0 0.0 0.0 0.0 0.0 0.0 0.0 0.0 0.0 0.0 0.0 0.0 0.0 0.0 0.0 0.0 0.0 0.0 0.0 0.0 0.0 0.0 0.0 0.0 0.0 0.0 0.0 0.0 0.0 0.0 0.0 0.0 0.0 0.0 0.0 0.0 0.0 0.0 0.0 0.0 0.0 0.0 0.0 0.0}
espresso_flow {0.0 3.86 3.78 3.69 3.67 3.56 3.6 3.6 3.54 3.57 3.53 3.54 3.48 3.53 3.52 3.52 3.53 3.54 3.57 3.55 3.53 3.56 3.53 3.55 3.51 3.48 3.53 3.5 3.49 3.47 3.49 3.52 3.51 3.52 3.49 3.46 3.45 3.48 3.46 3.48 3.42 3.48 3.49 3.45 3.46 3.45 3.49 3.46 3.45 3.44 3.32 3.26 3.29 3.26 3.19 3.05 2.86 2.65 2.45 2.27 2.1 1.93 1.82 1.69 1.57 1.44 1.33 1.27 1.22 1.21 1.18 1.17 1.13 1.14 1.13 1.13 1.14 1.15 1.13 1.13 1.16 1.19 1.17 1.19 1.19 1.22 1.25 1.26 1.25 1.26 1.26 1.27 1.28 1.27 1.28 1.28 1.31 1.29 1.28 1.31 1.32 1.31 1.34 1.35 1.38 1.39 1.42 1.4 1.41 1.41 1.42 1.44 1.43 1.45 1.49 1.47 1.49 1.49 1.5 1.49 1.5 1.51 1.53 1.54 1.54 1.57 1.59 1.58 1.59 1.59 1.58 1.6 1.61 1.6 1.57 1.58 1.58 1.61 1.61 1.62 1.64 1.67 1.69 1.7 1.69 1.68 1.66 1.69 1.72 1.72 1.72 1.74 1.75 1.72 1.75 1.76 1.78}
espresso_flow_weight {0.0 0.0 0.0 0.0 0.0 0.0 0.0 0.0 0.0 0.0 0.0 0.0 0.0 0.0 0.0 0.0 0.0 0.0 0.0 0.0 0.0 0.0 0.0 0.0 0.0 0.0 0.0 0.0 0.0 0.0 0.0 0.0 0.0 0.0 0.0 0.0 0.0 0.0 0.0 0.0 0.0 0.0 0.0 0.0 0.0 0.0 0.0 0.0 0.0 0.0 0.0 0.0 0.0 0.0 0.0 0.0 0.0 0.0 0.0 0.0 0.0 0.0 0.0 0.0 0.0 0.0 0.0 0.0 0.0 0.0 0.0 0.0 0.0 0.0 0.0 0.0 0.0 0.0 0.0 0.0 0.0 0.0 0.0 0.0 0.0 0.0 0.0 0.0 0.0 0.0 0.0 0.0 0.0 0.0 0.0 0.0 0.0 0.0 0.0 0.0 0.0 0.0 0.0 0.0 0.0 0.0 0.0 0.0 0.0 0.0 0.0 0.0 0.0 0.0 0.0 0.0 0.0 0.0 0.0 0.0 0.0 0.0 0.0 0.0 0.0 0.0 0.0 0.0 0.0 0.0 0.0 0.0 0.0 0.0 0.0 0.0 0.0 0.0 0.0 0.0 0.0 0.0 0.0 0.0 0.0 0.0 0.0 0.0 0.0 0.0 0.0 0.0 0.0 0.0 0.0 0.0 0.0}
espresso_flow_weight_raw {0.0 0.0 0.0 0.0 0.0 0.0 0.0 0.0 0.0 0.0 0.0 0.0 0.0 0.0 0.0 0.0 0.0 0.0 0.0 0.0 0.0 0.0 0.0 0.0 0.0 0.0 0.0 0.0 0.0 0.0 0.0 0.0 0.0 0.0 0.0 0.0 0.0 0.0 0.0 0.0 0.0 0.0 0.0 0.0 0.0 0.0 0.0 0.0 0.0 0.0 0.0 0.0 0.0 0.0 0.0 0.0 0.0 0.0 0.0 0.0 0.0 0.0 0.0 0.0 0.0 0.0 0.0 0.0 0.0 0.0 0.0 0.0 0.0 0.0 0.0 0.0 0.0 0.0 0.0 0.0 0.0 0.0 0.0 0.0 0.0 0.0 0.0 0.0 0.0 0.0 0.0 0.0 0.0 0.0 0.0 0.0 0.0 0.0 0.0 0.0 0.0 0.0 0.0 0.0 0.0 0.0 0.0 0.0 0.0 0.0 0.0 0.0 0.0 0.0 0.0 0.0 0.0 0.0 0.0 0.0 0.0 0.0 0.0 0.0 0.0 0.0 0.0 0.0 0.0 0.0 0.0 0.0 0.0 0.0 0.0 0.0 0.0 0.0 0.0 0.0 0.0 0.0 0.0 0.0 0.0 0.0 0.0 0.0 0.0 0.0 0.0 0.0 0.0 0.0 0.0 0.0 0.0}
espresso_temperature_basket {90.0 84.66 84.92 85.07 85.03 85.01 85.09 85.08 85.02 85.01 85.0 84.95 85.0 85.01 85.1 85.29 85.39 85.46 85.44 85.48 85.52 85.73 86.06 86.44 86.85 87.2 87.49 87.74 87.97 88.22 88.45 88.73 88.98 89.27 89.46 89.61 89.83 89.97 90.04 90.1 90.17 90.27 90.21 90.26 90.31 90.31 90.34 90.33 90.38 90.29 90.3 90.27 90.27 90.25 90.26 90.21 90.22 90.25 90.2 90.22 90.15 90.16 90.17 90.15 90.19 90.19 90.17 90.19 90.11 90.08 90.14 90.1 90.1 90.15 90.07 90.04 90.04 90.07 90.02 90.02 89.99 90.06 90.04 90.0 90.04 90.0 89.93 89.9 89.93 89.92 89.91 89.84 89.84 89.86 89.86 89.81 89.75 89.77 89.77 89.71 89.71 89.64 89.63 89.65 89.68 89.71 89.73 89.55 89.58 89.62 89.6 89.62 89.6 89.64 89.64 89.66 89.69 89.62 89.62 89.71 89.69 89.73 89.8 89.76 89.76 89.82 89.83 89.82 89.81 89.84 89.89 89.91 89.9 89.99 89.97 90.03 90.04 90.04 90.05 90.07 90.09 90.04 90.14 90.13 90.11 90.16 90.15 90.2 90.22 90.16 90.2 90.17 90.17 90.26 90.23 90.18 90.25}
espresso_temperature_mix {90.0 89.23 89.03 86.52 85.2 85.33 85.94 86.68 87.56 88.28 89.07 89.66 90.18 90.71 91.08 91.41 91.81 91.94 92.01 92.34 92.21 92.34 92.31 92.34 92.38 92.28 92.21 92.11 92.07 91.98 92.04 91.78 91.64 91.48 91.31 91.21 91.14 90.91 90.78 90.61 90.65 90.58 90.52 90.35 90.32 90.35 90.35 90.41 90.32 90.35 90.38 90.22 90.15 90.09 89.99 89.89 89.82 89.79 89.72 89.69 89.76 89.72 89.86 89.72 89.69 89.72 89.66 89.46 89.49 89.36 89.3 89.36 89.16 89.2 89.16 89.0 88.93 88.93 88.9 88.87 88.8 88.74 88.77 88.74 88.77 88.8 88.64 88.77 88.84 88.8 88.9 89.0 89.0 89.07 89.2 89.26 89.26 89.43 89.59 89.72 89.79 89.92 89.86 89.95 90.09 90.15 90.22 90.25 90.32 90.35 90.32 90.41 90.48 90.58 90.68 90.78 90.81 90.81 90.88 90.91 90.95 90.84 91.01 91.11 91.08 91.01 91.18 91.21 91.28 91.31 91.21 91.28 91.38 91.34 91.44 91.24 91.28 91.34 91.28 91.44 91.31 91.31 91.21 91.21 91.21 91.24 91.24 91.21 91.11 91.18 91.21 91.21 91.18 91.21 91.18 91.08 91.24}
espresso_water_dispensed {0.0 0.08045450846354169 0.15929667154947919 0.2361907958984375 0.31264241536458337 0.3868408203125 0.4617767333984375 0.5367482503255209 0.610504150390625 0.6848398844401042 0.7584482828776042 0.832280476888021 0.9048360188802085 0.978424072265625 1.0517730712890625 1.1252034505208335 1.1988372802734375 1.2726287841796875 1.3469034830729167 1.4207916259765625 1.494359334309896 1.5685984293619795 1.642242431640625 1.716288248697917 1.7893829345703125 1.861826578776042 1.9352976481119795 2.008310953776042 2.0810750325520835 2.1533406575520835 2.226028442382813 2.299463907877605 2.3725280761718754 2.4459635416666674 2.518641153971355 2.5906372070312504 2.66259256998698 2.7350565592447924 2.8071594238281254 2.879623413085938 2.950851440429688 3.0234425862630214 3.096120198567709 3.1680348714192714 3.2401580810546875 3.3119557698567714 3.384668986002605 3.456690470377605 3.5286102294921884 3.60027567545573 3.66942850748698 3.7373250325520844 3.805933634440105 3.8739166259765634 3.9403533935546884 4.0039011637369795 4.0634104410807295 4.11858113606771 4.169723510742188 4.216995239257813 4.260823567708335 4.3009897867838545 4.338912963867188 4.374206542968751 4.406962076822917 4.4369455973307295 4.464630126953126 4.491002400716147 4.516387939453126 4.541503906250001 4.566101074218751 4.5905710856119795 4.614049275716147 4.6377817789713545 4.661259969075522 4.684844970703126 4.708618164062501 4.732645670572917 4.756169637044271 4.7797393798828125 4.803965250651043 4.828831990559896 4.853185017903646 4.877950032552084 4.902730305989584 4.928171793619793 4.954126993815105 4.980275472005209 5.00640360514323 5.032684326171875 5.0588531494140625 5.085255940755209 5.111963907877605 5.138392130533855 5.165008544921875 5.191716512044271 5.21898905436198 5.245859781901043 5.2724609375 5.2998046875 5.3272552490234375 5.35454813639323 5.38256327311198 5.4106903076171875 5.4394378662109375 5.468475341796875 5.497996012369793 5.527191162109375 5.556528727213543 5.585851033528646 5.6154327392578125 5.645421346028646 5.675298055013021 5.705413818359375 5.736363728841146 5.766932169596355 5.798009236653646 5.828959147135418 5.8601531982421875 5.891215006510418 5.922459920247396 5.953989664713543 5.985951741536459 6.0180511474609375 6.05022684733073 6.083028157552085 6.11620076497396 6.14915974934896 6.182276407877605 6.2153167724609375 6.248301188151043 6.281712849934897 6.315155029296876 6.348429361979168 6.381235758463543 6.414255777994793 6.447275797526043 6.480738321940105 6.514251708984375 6.547917683919272 6.5820159912109375 6.616734822591147 6.651875813802085 6.687199910481772 6.722371419270835 6.75731913248698 6.7919769287109375 6.827092488606772 6.862874348958335 6.898646036783856 6.934519449869794 6.970723470052085 7.007090250651044 7.042821248372397 7.079320271809897 7.115987141927085 7.152989705403647}
espresso_pressure_delta {0.0 0.0013483220880681818 3.5033632286995515e-5 0.00013599779781879194 9.29133907245223e-5 2.2897127784290737e-6 0.00023213742173005565 6.326696641494435e-5 7.078925741739717e-5 4.731296655444965e-5 5.5604061837923725e-6 1.0283253963558921e-5 1.948440225686873e-5 1.1247145552025416e-5 8.814705278993436e-6 4.067618350153951e-5 7.832974309085133e-6 9.409511191817374e-7 1.4636068990993526e-5 8.723923868448914e-6 6.908476503284487e-6 7.2389855332376855e-6 1.3794194605173588e-5 7.291751825812078e-6 1.1007379103469769e-5 9.548481859241612e-6 1.0620912586239939e-5 6.863931573869901e-6 3.6905483060643785e-6 1.3862611168120404e-5 1.2462307549810638e-5 1.5109934731328962e-5 1.5190469642581442e-5 8.378445799761266e-7 1.4296523085585585e-5 3.778203256893641e-6 7.856175006817563e-6 1.6477542182507988e-5 1.1167564446310894e-5 4.779815191991916e-6 1.1183157696794794e-5 2.0247800400334608e-5 7.340212988418343e-6 1.5333578522170294e-5 2.371403714714381e-5 1.7024406188712136e-5 1.3812912102520473e-5 2.1733662400855772e-5 1.565706088142333e-5 2.4871582810007973e-5 4.080964031286722e-5 2.500587602998946e-5 3.08667756987432e-5 5.062056124331304e-5 5.5586770419226596e-5 5.218405463679203e-5 4.389977419811732e-5 3.53781618684278e-5 2.54480166498274e-5 2.2211107926375805e-5 1.754612214065542e-5 1.8269557483210746e-5 1.6299052093151115e-6 1.2554939203841388e-5 6.857047543385599e-6 1.4981315011599191e-6 9.734618437569225e-7 1.0639481042998257e-7 8.723669870649611e-7 5.857169947784364e-7 2.5773979024864564e-6 2.8382620700266704e-6 3.711095840089177e-6 8.123398715645172e-7 2.279737538633524e-6 9.492248250388803e-7 3.118413909822455e-6 1.248604029864882e-6 1.5351888385630682e-6 6.595559341806349e-7 7.26432513055623e-7 1.740414208051279e-6 4.514691500711238e-6 5.854348827348228e-7 3.805447913058538e-7 1.1158801348340284e-7 1.4736304436734924e-6 3.535904773841355e-7 1.427250510147805e-6 1.462955207822629e-6 1.3169739184378035e-7 4.996802046690119e-6 4.410398397587823e-6 3.6174642614911046e-6 2.5179519905115512e-8 7.093855138400367e-6 1.4552734769650435e-6 2.9750942665934176e-6 1.9577656296406295e-6 3.7887393217310424e-6 9.693749394731744e-7 2.929875012000768e-6 2.1449406669990977e-6 1.99598124089649e-6 8.986631895909049e-7 3.827537810669987e-7 1.225605547188755e-7 6.409630748687307e-7 1.53148523613227e-6 2.1053154309463482e-6 9.66978666989394e-7 2.191701257244956e-6 1.5095822793704328e-6 3.167670508071768e-6 8.076583573670371e-7 5.611010702108852e-6 5.782331540321908e-6 2.930253342024667e-7 1.2913785724536658e-6 7.241291087680806e-7 4.1456541412898805e-6 3.4447853795267406e-6 5.319600021789082e-7 1.3924552816347401e-6 1.6182121900343107e-6 3.3652403492469124e-6 3.5610869606939964e-7 1.7652973608098336e-6 2.666842069206637e-6 1.5279947672675487e-6 2.3591096183149367e-7 2.1631686787019603e-6 1.0726348259070772e-7 2.0424232986578402e-7 1.1450422559347717e-7 8.125497664889239e-7 7.379259343218832e-7 9.215128712783971e-7 2.9053170172552586e-6 2.44539700205196e-6 7.161525735928495e-7 3.935456108310183e-7 4.819002263136401e-7 4.865165965818894e-7 3.278485580958136e-7 5.612989179328269e-7 1.945890485993981e-6 2.728994065818457e-7 2.947980916715619e-7 1.819170756795283e-7 6.369501280316939e-7 3.903377114443769e-8 1.0867254069693501e-7 2.389228580673675e-7 2.1657512655946334e-6 1.0806049731936913e-6 2.2292841915064845e-6}
espresso_flow_delta_negative 0.0
espresso_flow_delta_negative_2x 0.0
espresso_resistance {0.0 0.02 0.02 0.03 0.03 0.03 0.05 0.05 0.04 0.05 0.05 0.04 0.04 0.04 0.04 0.05 0.05 0.05 0.04 0.04 0.04 0.04 0.04 0.04 0.04 0.04 0.04 0.05 0.05 0.05 0.06 0.06 0.07 0.07 0.08 0.09 0.09 0.1 0.11 0.11 0.12 0.13 0.14 0.15 0.17 0.18 0.19 0.21 0.22 0.25 0.3 0.34 0.36 0.42 0.5 0.61 0.76 0.94 1.14 1.39 1.66 2.04 2.3 2.71 3.18 3.81 4.46 4.91 5.31 5.43 5.69 5.72 6.26 6.13 6.29 6.22 6.09 5.98 6.25 6.22 5.88 5.56 5.85 5.65 5.64 5.35 5.16 5.09 5.08 5.0 5.05 4.9 4.74 4.88 4.81 4.69 4.52 4.69 4.76 4.46 4.41 4.5 4.25 4.19 4.0 3.92 3.79 3.88 3.83 3.85 3.78 3.65 3.69 3.6 3.4 3.55 3.37 3.39 3.36 3.38 3.29 3.27 3.19 3.15 3.15 2.99 2.92 2.98 2.92 2.95 2.96 2.86 2.86 2.89 2.97 2.92 2.91 2.83 2.85 2.8 2.72 2.62 2.55 2.53 2.55 2.59 2.61 2.54 2.44 2.45 2.43 2.38 2.36 2.44 2.32 2.31 2.25}
espresso_resistance_weight {0.0 0.0 0.0 0.0 0.0 0.0 0.0 0.0 0.0 0.0 0.0 0.0 0.0 0.0 0.0 0.0 0.0 0.0 0.0 0.0 0.0 0.0 0.0 0.0 0.0 0.0 0.0 0.0 0.0 0.0 0.0 0.0 0.0 0.0 0.0 0.0 0.0 0.0 0.0 0.0 0.0 0.0 0.0 0.0 0.0 0.0 0.0 0.0 0.0 0.0 0.0 0.0 0.0 0.0 0.0 0.0 0.0 0.0 0.0 0.0 0.0 0.0 0.0 0.0 0.0 0.0 0.0 0.0 0.0 0.0 0.0 0.0 0.0 0.0 0.0 0.0 0.0 0.0 0.0 0.0 0.0 0.0 0.0 0.0 0.0 0.0 0.0 0.0 0.0 0.0 0.0 0.0 0.0 0.0 0.0 0.0 0.0 0.0 0.0 0.0 0.0 0.0 0.0 0.0 0.0 0.0 0.0 0.0 0.0 0.0 0.0 0.0 0.0 0.0 0.0 0.0 0.0 0.0 0.0 0.0 0.0 0.0 0.0 0.0 0.0 0.0 0.0 0.0 0.0 0.0 0.0 0.0 0.0 0.0 0.0 0.0 0.0 0.0 0.0 0.0 0.0 0.0 0.0 0.0 0.0 0.0 0.0 0.0 0.0 0.0 0.0 0.0 0.0 0.0 0.0 0.0 0.0}
espresso_state_change {0.0 10000000.0 10000000.0 10000000.0 10000000.0 10000000.0 10000000.0 10000000.0 10000000.0 10000000.0 10000000.0 10000000.0 10000000.0 10000000.0 10000000.0 10000000.0 10000000.0 10000000.0 10000000.0 10000000.0 10000000.0 10000000.0 10000000.0 10000000.0 10000000.0 10000000.0 10000000.0 10000000.0 10000000.0 10000000.0 10000000.0 10000000.0 10000000.0 10000000.0 10000000.0 10000000.0 10000000.0 10000000.0 10000000.0 10000000.0 10000000.0 10000000.0 10000000.0 10000000.0 10000000.0 10000000.0 10000000.0 10000000.0 10000000.0 -10000000.0 -10000000.0 -10000000.0 -10000000.0 -10000000.0 -10000000.0 -10000000.0 -10000000.0 -10000000.0 -10000000.0 -10000000.0 -10000000.0 -10000000.0 -10000000.0 -10000000.0 10000000.0 10000000.0 10000000.0 10000000.0 10000000.0 10000000.0 10000000.0 10000000.0 10000000.0 -10000000.0 -10000000.0 -10000000.0 -10000000.0 -10000000.0 -10000000.0 -10000000.0 -10000000.0 -10000000.0 -10000000.0 -10000000.0 -10000000.0 -10000000.0 -10000000.0 -10000000.0 10000000.0 10000000.0 10000000.0 10000000.0 10000000.0 10000000.0 10000000.0 10000000.0 10000000.0 10000000.0 10000000.0 10000000.0 10000000.0 10000000.0 10000000.0 10000000.0 10000000.0 10000000.0 10000000.0 10000000.0 10000000.0 10000000.0 10000000.0 10000000.0 10000000.0 10000000.0 10000000.0 10000000.0 10000000.0 10000000.0 10000000.0 10000000.0 10000000.0 10000000.0 10000000.0 10000000.0 10000000.0 10000000.0 10000000.0 10000000.0 10000000.0 10000000.0 10000000.0 10000000.0 10000000.0 10000000.0 10000000.0 10000000.0 10000000.0 10000000.0 10000000.0 10000000.0 10000000.0 10000000.0 10000000.0 10000000.0 10000000.0 10000000.0 10000000.0 10000000.0 10000000.0 10000000.0 10000000.0 10000000.0 10000000.0 10000000.0 10000000.0 10000000.0 10000000.0}
espresso_pressure_goal {-1.0 -1.0 -1.0 -1.0 -1.0 -1.0 -1.0 -1.0 -1.0 -1.0 -1.0 -1.0 -1.0 -1.0 -1.0 -1.0 -1.0 -1.0 -1.0 -1.0 -1.0 -1.0 -1.0 -1.0 -1.0 -1.0 -1.0 -1.0 -1.0 -1.0 -1.0 -1.0 -1.0 -1.0 -1.0 -1.0 -1.0 -1.0 -1.0 -1.0 -1.0 -1.0 -1.0 -1.0 -1.0 -1.0 -1.0 -1.0 -1.0 3.875 5.3125 6.25 6.875 7.25 7.5 7.6875 7.8125 7.875 7.9375 7.9375 8.0 8.0 8.0 8.0 7.8125 7.875 7.9375 7.9375 8.0 8.0 8.0 8.0 8.0 7.9375 8.0 8.0 8.0 8.0 8.0 8.0 8.0 8.0 8.0 8.0 8.0 8.0 8.0 8.0 7.75 7.75 7.75 7.75 7.75 7.75 7.6875 7.6875 7.6875 7.6875 7.6875 7.6875 7.6875 7.625 7.625 7.625 7.625 7.625 7.625 7.5625 7.5625 7.5625 7.5625 7.5625 7.5625 7.5 7.5 7.5 7.5 7.5 7.5 7.5 7.4375 7.4375 7.4375 7.4375 7.4375 7.4375 7.375 7.375 7.375 7.375 7.375 7.375 7.3125 7.3125 7.3125 7.3125 7.3125 7.3125 7.3125 7.25 7.25 7.25 7.25 7.25 7.25 7.1875 7.1875 7.1875 7.1875 7.1875 7.1875 7.125 7.125 7.125 7.125 7.125 7.125}
espresso_flow_goal {-1.0 3.5 3.5 3.5 3.5 3.5 3.5 3.5 3.5 3.5 3.5 3.5 3.5 3.5 3.5 3.5 3.5 3.5 3.5 3.5 3.5 3.5 3.5 3.5 3.5 3.5 3.5 3.5 3.5 3.5 3.5 3.5 3.5 3.5 3.5 3.5 3.5 3.5 3.5 3.5 3.5 3.5 3.5 3.5 3.5 3.5 3.5 3.5 3.5 -1.0 -1.0 -1.0 -1.0 -1.0 -1.0 -1.0 -1.0 -1.0 -1.0 -1.0 -1.0 -1.0 -1.0 -1.0 -1.0 -1.0 -1.0 -1.0 -1.0 -1.0 -1.0 -1.0 -1.0 -1.0 -1.0 -1.0 -1.0 -1.0 -1.0 -1.0 -1.0 -1.0 -1.0 -1.0 -1.0 -1.0 -1.0 -1.0 -1.0 -1.0 -1.0 -1.0 -1.0 -1.0 -1.0 -1.0 -1.0 -1.0 -1.0 -1.0 -1.0 -1.0 -1.0 -1.0 -1.0 -1.0 -1.0 -1.0 -1.0 -1.0 -1.0 -1.0 -1.0 -1.0 -1.0 -1.0 -1.0 -1.0 -1.0 -1.0 -1.0 -1.0 -1.0 -1.0 -1.0 -1.0 -1.0 -1.0 -1.0 -1.0 -1.0 -1.0 -1.0 -1.0 -1.0 -1.0 -1.0 -1.0 -1.0 -1.0 -1.0 -1.0 -1.0 -1.0 -1.0 -1.0 -1.0 -1.0 -1.0 -1.0 -1.0 -1.0 -1.0 -1.0 -1.0 -1.0 -1.0}
espresso_temperature_goal {90.0 90.0 90.0 90.0 90.0 90.0 90.0 90.0 90.0 90.0 90.0 90.0 90.0 90.0 90.0 90.0 90.0 90.0 90.0 90.0 90.0 90.0 90.0 90.0 90.0 90.0 90.0 90.0 90.0 90.0 90.0 90.0 90.0 90.0 90.0 90.0 90.0 90.0 90.0 90.0 90.0 90.0 90.0 90.0 90.0 90.0 90.0 90.0 90.0 90.0 90.0 90.0 90.0 90.0 90.0 90.0 90.0 90.0 90.0 90.0 90.0 90.0 90.0 90.0 90.0 90.0 90.0 90.0 90.0 90.0 90.0 90.0 90.0 90.0 90.0 90.0 90.0 90.0 90.0 90.0 90.0 90.0 90.0 90.0 90.0 90.0 90.0 90.0 90.0 90.0 90.0 90.0 90.0 90.0 90.0 90.0 90.0 90.0 90.0 90.0 90.0 90.0 90.0 90.0 90.0 90.0 90.0 90.0 90.0 90.0 90.0 90.0 90.0 90.0 90.0 90.0 90.0 90.0 90.0 90.0 90.0 90.0 90.0 90.0 90.0 90.0 90.0 90.0 90.0 90.0 }

