espresso_elapsed {0.0 0.007 0.224 0.449 0.674 0.853 1.079 1.259 1.484 1.664 1.889 2.113 2.338 2.519 2.743 2.924 3.149 3.374 3.554 3.778 4.004 4.183 4.409 4.589 4.814 5.038 5.219 5.444 5.668 5.849 6.074 6.254 6.479 6.703 6.884 7.108 7.333 7.514 7.738 7.919 8.143 8.368 8.549 8.774 8.999 9.185 9.404 9.629 9.808 10.034 10.214 10.438 10.664 10.844 11.068 11.294 11.518 11.699 11.878 12.103 12.329 12.509 12.734 12.958 13.183 13.363 13.588 13.768 13.993 14.174 14.399 14.624 14.848 15.029 15.258 15.434 15.659 15.838 16.063 16.288 16.513 16.693 16.918 17.099 17.323 17.548 17.728 17.953 18.178 18.358 18.583 18.763 18.988 19.213 19.394 19.619 19.843 20.023 20.248 20.428 20.653 20.878 21.058 21.284 21.508 21.688 21.914 22.138 22.319 22.544 22.723 22.948 23.174 23.353 23.578 23.803 23.983 24.209 24.388 24.613 24.839 25.018 25.243 25.468 25.694 25.874 26.099 26.278 26.504 26.683 26.908 27.133 27.359 27.539 27.764 27.943 28.168 28.393 28.574 28.798 29.022 29.203 29.429 29.608 29.833 30.058 30.239 30.463 30.688 30.868 31.093 31.274 31.498 31.723 31.903 32.129 32.354 32.534 32.758 32.938 33.164 33.388 33.568}
espresso_pressure {0.0 0.23 0.35 0.35 0.31 0.42 0.43 0.57 0.66 0.48 0.47 0.61 0.6 0.61 0.56 0.48 0.55 0.59 0.57 0.62 0.55 0.49 0.54 0.57 0.58 0.61 0.7 0.74 0.82 0.88 1.03 1.07 1.15 1.3 1.33 1.42 1.57 1.68 1.77 2.02 2.2 2.42 2.69 3.03 3.4 3.84 4.42 4.78 5.11 5.55 5.99 6.41 6.72 7.04 7.26 7.45 7.56 7.68 7.75 7.86 7.93 7.87 7.94 8.0 7.97 7.98 8.01 8.06 7.96 7.96 7.99 8.05 8.09 8.13 8.09 8.08 8.05 8.04 8.06 8.03 7.98 8.02 8.04 7.96 8.02 8.03 8.11 8.11 8.1 8.13 8.11 8.14 8.19 8.17 8.19 8.13 8.12 8.08 8.09 8.14 8.09 8.05 8.03 8.01 8.04 8.04 7.98 7.95 8.0 7.95 7.96 7.98 7.88 7.93 7.91 7.87 7.85 7.82 7.83 7.83 7.83 7.78 7.75 7.76 7.78 7.7 7.74 7.72 7.69 7.68 7.67 7.66 7.6 7.63 7.63 7.59 7.58 7.53 7.58 7.55 7.51 7.53 7.44 7.48 7.45 7.5 7.43 7.48 7.39 7.38 7.41 7.36 7.31 7.33 7.33 7.27 7.28 7.34 7.3 7.24 7.3 7.18 7.19}
espresso_weight {0.0 0.0 0.0 0.0 0.0 0.0 0.0 0.0 0.0 0.0 0.0 0.0 0.0 0.0 0.0 0.0 0.0 0.0 0.0 0.0 0.0 0.0 0.0 0.0 0.0 0.0 0.0 0.0 0.0 0.0 0.0 0.0 0.0 0.0 0.0 0.0 0.0 0.0 0.0 0.0 0.0 0.0 0.0 0.0 0.0 0.0 0.0 0.0 0.0 0.0 0.0 0.0 0.0 0.0 0.0 0.0 0.0 0.0 0.0 0.0 0.0 0.0 0.0 0.0 0.0 0.0 0.0 0.0 0.0 0.0 0.0 0.0 0.0 0.0 0.0 0.0 0.0 0.0 0.0 0.0 0.0 0.0 0.0 0.0 0.0 0.0 0.0 0.0 0.0 0.0 0.0 0.0 0.0 0.0 0.0 0.0 0.0 0.0 0.0 0.0 0.0 0.0 0.0 0.0 0.0 0.0 0.0 0.0 0.0 0.0 0.0 0.0 0.0 0.0 0.0 0.0 0.0 0.0 0.0 0.0 0.0 0.0 0.0 0.0 0.0 0.0 0.0 0.0 0.0 0.0 0.0 0.0 0.0 0.0 0.0 0.0 0.0 0.0 0.0 0.0 0.0 0.0 0.0 0.0 0.0 0.0 0.0 0.0 0.0 0.0 0.0 0.0 0.0 0.0 0.0 0.0 0.0 0.0 0.0 0.0 0.0 0.0 0.0}
espresso_flow {0.0 3.87 3.73 3.67 3.64 3.7 3.61 3.57 3.5 3.56 3.47 3.47 3.5 3.49 3.51 3.58 3.61 3.6 3.6 3.58 3.54 3.47 3.47 3.5 3.49 3.53 3.52 3.54 3.48 3.46 3.47 3.45 3.47 3.5 3.49 3.46 3.49 3.53 3.49 3.46 3.47 3.41 3.44 3.4 3.41 3.43 3.23 2.97 2.76 2.61 2.44 2.27 2.15 1.99 1.87 1.71 1.58 1.5 1.4 1.33 1.28 1.25 1.21 1.18 1.18 1.15 1.12 1.1 1.11 1.11 1.14 1.17 1.16 1.14 1.16 1.15 1.17 1.18 1.19 1.21 1.22 1.21 1.22 1.23 1.26 1.26 1.26 1.3 1.33 1.37 1.38 1.42 1.38 1.4 1.37 1.38 1.42 1.45 1.47 1.45 1.44 1.45 1.49 1.49 1.51 1.51 1.53 1.56 1.55 1.57 1.59 1.58 1.61 1.63 1.65 1.67 1.66 1.67 1.67 1.69 1.67 1.66 1.7 1.7 1.69 1.7 1.69 1.72 1.75 1.76 1.76 1.74 1.75 1.77 1.76 1.76 1.75 1.77 1.76 1.78 1.79 1.81 1.88 1.89 1.89 1.89 1.89 1.87 1.88 1.88 1.87 1.89 1.88 1.89 1.9 1.91 1.92 1.9 1.9 1.91 1.91 1.9 1.91}
espresso_flow_weight {0.0 0.0 0.0 0.0 0.0 0.0 0.0 0.0 0.0 0.0 0.0 0.0 0.0 0.0 0.0 0.0 0.0 0.0 0.0 0.0 0.0 0.0 0.0 0.0 0.0 0.0 0.0 0.0 0.0 0.0 0.0 0.0 0.0 0.0 0.0 0.0 0.0 0.0 0.0 0.0 0.0 0.0 0.0 0.0 0.0 0.0 0.0 0.0 0.0 0.0 0.0 0.0 0.0 0.0 0.0 0.0 0.0 0.0 0.0 0.0 0.0 0.0 0.0 0.0 0.0 0.0 0.0 0.0 0.0 0.0 0.0 0.0 0.0 0.0 0.0 0.0 0.0 0.0 0.0 0.0 0.0 0.0 0.0 0.0 0.0 0.0 0.0 0.0 0.0 0.0 0.0 0.0 0.0 0.0 0.0 0.0 0.0 0.0 0.0 0.0 0.0 0.0 0.0 0.0 0.0 0.0 0.0 0.0 0.0 0.0 0.0 0.0 0.0 0.0 0.0 0.0 0.0 0.0 0.0 0.0 0.0 0.0 0.0 0.0 0.0 0.0 0.0 0.0 0.0 0.0 0.0 0.0 0.0 0.0 0.0 0.0 0.0 0.0 0.0 0.0 0.0 0.0 0.0 0.0 0.0 0.0 0.0 0.0 0.0 0.0 0.0 0.0 0.0 0.0 0.0 0.0 0.0 0.0 0.0 0.0 0.0 0.0 0.0}
espresso_flow_weight_raw {0.0 0.0 0.0 0.0 0.0 0.0 0.0 0.0 0.0 0.0 0.0 0.0 0.0 0.0 0.0 0.0 0.0 0.0 0.0 0.0 0.0 0.0 0.0 0.0 0.0 0.0 0.0 0.0 0.0 0.0 0.0 0.0 0.0 0.0 0.0 0.0 0.0 0.0 0.0 0.0 0.0 0.0 0.0 0.0 0.0 0.0 0.0 0.0 0.0 0.0 0.0 0.0 0.0 0.0 0.0 0.0 0.0 0.0 0.0 0.0 0.0 0.0 0.0 0.0 0.0 0.0 0.0 0.0 0.0 0.0 0.0 0.0 0.0 0.0 0.0 0.0 0.0 0.0 0.0 0.0 0.0 0.0 0.0 0.0 0.0 0.0 0.0 0.0 0.0 0.0 0.0 0.0 0.0 0.0 0.0 0.0 0.0 0.0 0.0 0.0 0.0 0.0 0.0 0.0 0.0 0.0 0.0 0.0 0.0 0.0 0.0 0.0 0.0 0.0 0.0 0.0 0.0 0.0 0.0 0.0 0.0 0.0 0.0 0.0 0.0 0.0 0.0 0.0 0.0 0.0 0.0 0.0 0.0 0.0 0.0 0.0 0.0 0.0 0.0 0.0 0.0 0.0 0.0 0.0 0.0 0.0 0.0 0.0 0.0 0.0 0.0 0.0 0.0 0.0 0.0 0.0 0.0 0.0 0.0 0.0 0.0 0.0 0.0}
espresso_temperature_basket {90.0 76.68 76.96 76.97 76.93 76.93 76.98 76.99 77.08 77.57 78.3 79.11 79.9 80.57 81.29 82.01 82.67 83.32 83.92 84.65 85.45 86.12 86.79 87.39 87.92 88.39 88.76 89.04 89.31 89.48 89.68 89.83 89.92 90.07 90.16 90.22 90.23 90.27 90.29 90.32 90.3 90.26 90.27 90.24 90.27 90.29 90.32 90.3 90.25 90.27 90.3 90.3 90.29 90.23 90.2 90.21 90.17 90.2 90.16 90.15 90.11 90.1 90.13 90.11 90.04 89.98 90.05 90.06 90.02 90.0 90.0 89.96 89.95 89.96 89.95 89.85 89.85 89.84 89.91 89.83 89.79 89.77 89.84 89.76 89.68 89.67 89.69 89.63 89.6 89.57 89.58 89.62 89.55 89.66 89.63 89.62 89.65 89.6 89.6 89.63 89.61 89.69 89.66 89.66 89.76 89.73 89.75 89.78 89.81 89.84 89.88 89.93 89.98 90.0 90.05 90.07 90.13 90.07 90.16 90.25 90.23 90.19 90.22 90.26 90.35 90.35 90.34 90.41 90.44 90.44 90.46 90.45 90.48 90.51 90.53 90.53 90.53 90.58 90.49 90.51 90.5 90.49 90.54 90.54 90.51 90.5 90.54 90.53 90.49 90.48 90.5 90.47 90.49 90.46 90.49 90.49 90.43 90.41 90.44 90.43 90.44 90.38 90.37}
espresso_temperature_mix {90.0 89.58 88.04 86.22 86.09 86.57 86.96 87.81 88.33 89.18 89.84 90.57 90.96 91.59 92.29 92.59 93.03 93.23 93.43 93.54 93.34 93.23 93.0 92.76 92.59 92.33 92.06 91.7 91.5 91.43 91.33 91.2 90.83 90.96 90.7 90.63 90.46 90.34 90.3 90.0 90.04 90.11 89.97 89.84 89.91 89.74 89.61 89.58 89.51 89.48 89.48 89.45 89.25 89.41 89.25 89.12 89.09 89.02 89.05 88.92 88.92 88.72 88.69 88.79 88.62 88.46 88.53 88.5 88.36 88.33 88.4 88.4 88.33 88.4 88.4 88.5 88.46 88.56 88.5 88.59 88.66 88.79 88.79 88.86 88.95 89.05 89.12 89.35 89.45 89.48 89.74 89.68 89.84 89.87 90.0 90.04 90.11 90.37 90.27 90.34 90.57 90.6 90.73 90.83 90.77 90.96 90.96 91.06 91.03 91.13 91.1 91.2 91.16 91.2 91.16 91.2 91.16 91.39 91.3 91.39 91.33 91.39 91.26 91.33 91.13 91.2 91.2 91.1 91.06 91.1 91.0 91.03 90.96 91.06 90.96 91.06 90.9 91.0 90.93 90.9 90.86 90.8 90.66 90.7 90.5 90.57 90.53 90.53 90.43 90.46 90.57 90.5 90.57 90.53 90.53 90.46 90.37 90.5 90.43 90.43 90.46 90.43 90.34}
espresso_water_dispensed {0.0 0.08060201009114584 0.15836079915364587 0.2348887125651042 0.31069946289062506 0.3877766927083334 0.4629720052083334 0.5372619628906251 0.6101938883463544 0.6842651367187501 0.756566365559896 0.8288065592447919 0.9016367594401044 0.9742431640625002 1.0474446614583337 1.1220296223958337 1.1971995035807295 1.272257486979167 1.347208658854167 1.4217427571614587 1.4954121907552087 1.5677235921223962 1.640024820963542 1.7128855387369795 1.7855885823567712 1.8592122395833337 1.9325459798177087 2.0062255859375004 2.0786437988281254 2.1507161458333335 2.2230428059895835 2.294896443684896 2.367233276367188 2.440048217773438 2.512781778971355 2.584854125976563 2.657516479492188 2.7311147054036464 2.8038075764973964 2.8759714762369795 2.9482574462890625 3.0192769368489585 3.090850830078125 3.161753336588542 3.23272196451823 3.3040873209635424 3.371327718098959 3.4332987467447924 3.490895589192709 3.54528299967448 3.5960133870442714 3.643274943033855 3.6881154378255214 3.7295684814453134 3.76854960123698 3.8041178385416674 3.836975097656251 3.8682657877604174 3.897491455078126 3.9252726236979174 3.9519551595052094 3.9779205322265634 4.003214518229167 4.027832031250001 4.0524241129557295 4.076477050781251 4.099884033203126 4.1227060953776045 4.145914713541667 4.168965657552085 4.192687988281251 4.2171274820963545 4.241231282552084 4.264963785807292 4.289082845052084 4.313140869140625 4.3375091552734375 4.362019856770834 4.3868357340494795 4.411987304687501 4.4373423258463545 4.4626108805338545 4.488072713216146 4.5137176513671875 4.5398813883463545 4.56610107421875 4.592264811197917 4.619415283203125 4.6470591227213545 4.675603230794271 4.70440673828125 4.733937581380209 4.7627410888671875 4.791966756184896 4.8205413818359375 4.849329630533855 4.878916422526043 4.909128824869793 4.939778645833334 4.970072428385418 5.0001373291015625 5.030426025390625 5.0615081787109375 5.0925038655598955 5.123911539713542 5.1552785237630205 5.187255859375 5.2196706136067705 5.2520090738932295 5.284820556640625 5.318003336588542 5.351023356119792 5.384552001953125 5.418467203776042 5.452921549479167 5.487650553385417 5.5222320556640625 5.556976318359375 5.5918528238932295 5.627126057942708 5.661936442057292 5.6965891520182295 5.7319081624348955 5.767344156901042 5.8026479085286455 5.837961832682292 5.873199462890625 5.909098307291667 5.9456227620442705 5.982187906901042 6.018809000651042 6.0551096598307295 6.0915476481119795 6.1283620198567705 6.1650339762369795 6.20159912109375 6.2380116780598955 6.274836222330729 6.31158447265625 6.34857177734375 6.385874430338541 6.4235992431640625 6.462702433268229 6.502054850260416 6.541412353515625 6.5808258056640625 6.6201833089192705 6.659200032552083 6.698293050130208 6.737452189127604 6.776468912760416 6.8157806396484375 6.8549346923828125 6.894343058268229 6.933858235677083 6.9735768636067705 7.013621012369791 7.053217569986979 7.0928090413411455 7.132700602213541 7.1725921630859375 7.2122344970703125 7.25201416015625}
espresso_pressure_delta {0.0 0.019984654017857144 0.0005275181361607143 3.2624582405345212e-6 5.143615541543027e-5 0.00012994120017584994 9.50315685820204e-6 0.00010936879467831613 5.988354952830189e-5 0.00011033278245192308 4.782002713075701e-6 6.701446403218173e-5 4.803451133447391e-6 4.264465065502183e-6 1.5664874225300764e-5 2.972437158002736e-5 2.3724049301365513e-5 1.1432785640189686e-5 5.564262978334271e-6 1.1955006782689253e-5 1.7499590253496504e-5 1.2723561140329906e-5 1.1683754110909504e-5 4.681711701895838e-6 3.2964562993352723e-6 4.894442859269551e-6 1.805676973558153e-5 7.848017886664218e-6 1.3826595029110798e-5 9.8090351983245e-6 2.423720725633849e-5 7.3000154900863445e-6 1.1643687779749962e-5 2.2436315828733402e-5 4.894161279779198e-6 1.178112470104108e-5 2.1440960384562934e-5 1.4588653263907373e-5 1.0790397227965883e-5 3.1662131819042806e-5 2.2636150297801794e-5 2.6724762488049713e-5 3.1099443282840097e-5 3.845479185662184e-5 4.1508518307589735e-5 4.784465160587915e-5 6.150246072150149e-5 3.780389156454461e-5 3.288231704985726e-5 4.4720995490332866e-5 4.2450925200704916e-5 4.081484868988312e-5 2.829686913915979e-5 3.001101559618222e-5 1.93671366778099e-5 1.688275439392598e-5 9.55959557865949e-6 1.0955964452089922e-5 5.6934629672503785e-6 8.573061689250598e-6 6.178268716035364e-6 5.093988578223679e-6 5.387428586854092e-6 4.540661415727736e-6 1.722299789501631e-6 3.4712803075656666e-7 2.317790743670886e-6 3.688353428239396e-6 6.891699197813192e-6 3.444907930012699e-7 2.543308129036739e-6 3.923211629855033e-6 2.400628451643319e-6 2.7128541070596844e-6 2.5281307346965528e-6 4.587325466502527e-7 1.917702080273325e-6 9.403067385402197e-7 1.5806900952499532e-6 1.7836894876596267e-6 3.0456591019196996e-6 2.340052716707602e-6 1.1256040164322024e-6 4.811707738756653e-6 3.748854485366276e-6 4.31294698826077e-7 4.393099017091606e-6 2.447797721829221e-7 1.061013828528991e-6 1.9948302511166793e-6 1.0510278211268364e-6 1.4312992991525875e-6 2.6100983186749525e-6 9.530290363295686e-7 9.189576995462514e-7 3.2230196174626636e-6 1.7225060474726604e-7 2.0240395420266694e-6 3.4966802276768074e-7 2.282693331456824e-6 1.96229815281073e-6 2.2919610355398027e-6 6.144673342672619e-7 1.1126499072072919e-6 1.3961919692672493e-6 2.0262501152711177e-7 3.0080299694259377e-6 1.3564593402746409e-6 2.242431476544648e-6 2.198391894739177e-6 3.1158201491880474e-7 8.936644805647551e-7 4.077087333865539e-6 1.965419325140239e-6 9.733318665705318e-7 1.589791071503592e-6 6.413234113747238e-7 1.3009269538188278e-6 4.504808973675578e-7 1.4878760715881852e-7 1.0811815592415153e-7 2.039547151051243e-6 1.1315791754149666e-6 3.546883589209989e-7 9.0267608682961e-7 3.1987196365076913e-6 1.4779960439097284e-6 9.290685173909734e-7 8.935119463099909e-7 5.123814788442079e-7 4.1736542106436746e-7 2.1595013452253712e-7 2.1059683285207793e-6 7.978741512037474e-7 0.0 1.2668786681816555e-6 4.333652105225788e-7 1.728322671961399e-6 1.9395227085812277e-6 1.3479533083894716e-6 1.3039003816070568e-6 7.106103182892168e-7 3.102674020523973e-6 1.566695445487706e-6 1.2275364110213522e-6 1.7462983024485993e-6 2.3817416043850656e-6 1.7070529207563274e-6 2.7924061318756517e-6 4.903692740054425e-7 1.1463844354034671e-6 1.6003334439150732e-6 1.8059802408089402e-6 8.311694196639662e-7 2.0661996912516063e-7 1.8996905054623548e-6 4.225713976633492e-7 1.928571359961886e-6 1.3564196150558643e-6 1.6677284785050702e-6 1.5606625407067906e-6 3.348999827782437e-6 2.1091748465800764e-7}
espresso_flow_delta_negative 0.0
espresso_flow_delta_negative_2x 0.0
espresso_resistance {0.0 0.02 0.02 0.03 0.02 0.03 0.03 0.04 0.05 0.04 0.04 0.05 0.05 0.05 0.05 0.04 0.04 0.05 0.04 0.05 0.04 0.04 0.05 0.05 0.05 0.05 0.06 0.06 0.07 0.07 0.09 0.09 0.1 0.11 0.11 0.12 0.13 0.13 0.15 0.17 0.18 0.21 0.23 0.26 0.29 0.33 0.42 0.54 0.67 0.81 1.01 1.25 1.45 1.78 2.07 2.55 3.04 3.41 3.94 4.42 4.84 5.07 5.38 5.73 5.72 5.98 6.34 6.72 6.42 6.5 6.17 5.85 6.04 6.26 6.04 6.06 5.89 5.81 5.68 5.51 5.39 5.45 5.38 5.25 5.09 5.07 5.14 4.78 4.6 4.33 4.24 4.05 4.28 4.15 4.35 4.26 4.03 3.84 3.74 3.85 3.89 3.81 3.61 3.62 3.54 3.55 3.39 3.28 3.32 3.2 3.14 3.18 3.04 2.99 2.89 2.83 2.85 2.81 2.79 2.73 2.81 2.81 2.7 2.68 2.71 2.68 2.71 2.6 2.5 2.49 2.48 2.52 2.49 2.44 2.46 2.46 2.48 2.41 2.44 2.39 2.34 2.3 2.11 2.1 2.09 2.1 2.08 2.13 2.1 2.09 2.11 2.07 2.07 2.05 2.04 2.0 1.97 2.03 2.02 1.98 1.99 1.98 1.97}
espresso_resistance_weight {0.0 0.0 0.0 0.0 0.0 0.0 0.0 0.0 0.0 0.0 0.0 0.0 0.0 0.0 0.0 0.0 0.0 0.0 0.0 0.0 0.0 0.0 0.0 0.0 0.0 0.0 0.0 0.0 0.0 0.0 0.0 0.0 0.0 0.0 0.0 0.0 0.0 0.0 0.0 0.0 0.0 0.0 0.0 0.0 0.0 0.0 0.0 0.0 0.0 0.0 0.0 0.0 0.0 0.0 0.0 0.0 0.0 0.0 0.0 0.0 0.0 0.0 0.0 0.0 0.0 0.0 0.0 0.0 0.0 0.0 0.0 0.0 0.0 0.0 0.0 0.0 0.0 0.0 0.0 0.0 0.0 0.0 0.0 0.0 0.0 0.0 0.0 0.0 0.0 0.0 0.0 0.0 0.0 0.0 0.0 0.0 0.0 0.0 0.0 0.0 0.0 0.0 0.0 0.0 0.0 0.0 0.0 0.0 0.0 0.0 0.0 0.0 0.0 0.0 0.0 0.0 0.0 0.0 0.0 0.0 0.0 0.0 0.0 0.0 0.0 0.0 0.0 0.0 0.0 0.0 0.0 0.0 0.0 0.0 0.0 0.0 0.0 0.0 0.0 0.0 0.0 0.0 0.0 0.0 0.0 0.0 0.0 0.0 0.0 0.0 0.0 0.0 0.0 0.0 0.0 0.0 0.0 0.0 0.0 0.0 0.0 0.0 0.0}
espresso_state_change {0.0 10000000.0 10000000.0 10000000.0 10000000.0 10000000.0 10000000.0 10000000.0 10000000.0 10000000.0 10000000.0 10000000.0 10000000.0 10000000.0 10000000.0 10000000.0 10000000.0 10000000.0 10000000.0 10000000.0 10000000.0 10000000.0 10000000.0 10000000.0 10000000.0 10000000.0 10000000.0 10000000.0 10000000.0 10000000.0 10000000.0 10000000.0 10000000.0 10000000.0 10000000.0 10000000.0 10000000.0 10000000.0 10000000.0 10000000.0 10000000.0 10000000.0 10000000.0 10000000.0 10000000.0 -10000000.0 -10000000.0 -10000000.0 -10000000.0 -10000000.0 -10000000.0 -10000000.0 -10000000.0 -10000000.0 -10000000.0 -10000000.0 -10000000.0 -10000000.0 -10000000.0 10000000.0 10000000.0 10000000.0 10000000.0 10000000.0 10000000.0 10000000.0 10000000.0 10000000.0 10000000.0 -10000000.0 -10000000.0 -10000000.0 -10000000.0 -10000000.0 -10000000.0 -10000000.0 -10000000.0 -10000000.0 -10000000.0 -10000000.0 -10000000.0 -10000000.0 -10000000.0 10000000.0 10000000.0 10000000.0 10000000.0 10000000.0 10000000.0 10000000.0 10000000.0 10000000.0 10000000.0 10000000.0 10000000.0 10000000.0 10000000.0 10000000.0 10000000.0 10000000.0 10000000.0 10000000.0 10000000.0 10000000.0 10000000.0 10000000.0 10000000.0 10000000.0 10000000.0 10000000.0 10000000.0 10000000.0 10000000.0 10000000.0 10000000.0 10000000.0 10000000.0 10000000.0 10000000.0 10000000.0 10000000.0 10000000.0 10000000.0 10000000.0 10000000.0 10000000.0 10000000.0 10000000.0 10000000.0 10000000.0 10000000.0 10000000.0 10000000.0 10000000.0 10000000.0 10000000.0 10000000.0 10000000.0 10000000.0 10000000.0 10000000.0 10000000.0 10000000.0 10000000.0 10000000.0 10000000.0 10000000.0 10000000.0 10000000.0 10000000.0 10000000.0 10000000.0 10000000.0 10000000.0 10000000.0 10000000.0 10000000.0 10000000.0 10000000.0 10000000.0 10000000.0 10000000.0 10000000.0}
espresso_pressure_goal {-1.0 -1.0 -1.0 -1.0 -1.0 -1.0 -1.0 -1.0 -1.0 -1.0 -1.0 -1.0 -1.0 -1.0 -1.0 -1.0 -1.0 -1.0 -1.0 -1.0 -1.0 -1.0 -1.0 -1.0 -1.0 -1.0 -1.0 -1.0 -1.0 -1.0 -1.0 -1.0 -1.0 -1.0 -1.0 -1.0 -1.0 -1.0 -1.0 -1.0 -1.0 -1.0 -1.0 -1.0 -1.0 5.375 6.3125 6.875 7.25 7.5625 7.6875 7.8125 7.875 7.9375 8.0 8.0 8.0 8.0 8.0 8.0625 8.0625 8.0625 8.0625 8.0625 8.0625 8.0625 8.0625 8.0625 8.0625 8.25 8.1875 8.125 8.0625 8.0625 8.0625 8.0625 8.0625 8.0625 8.0625 8.0625 8.0625 8.0625 8.0625 8.25 8.25 8.25 8.25 8.25 8.25 8.1875 8.1875 8.1875 8.1875 8.125 8.125 8.125 8.125 8.0625 8.0625 8.0625 8.0625 8.0625 8.0 8.0 8.0 8.0 7.9375 7.9375 7.9375 7.9375 7.875 7.875 7.875 7.875 7.8125 7.8125 7.8125 7.8125 7.8125 7.75 7.75 7.75 7.75 7.6875 7.6875 7.6875 7.6875 7.625 7.625 7.625 7.625 7.5625 7.5625 7.5625 7.5625 7.5625 7.5 7.5 7.5 7.5 7.4375 7.4375 7.4375 7.4375 7.375 7.375 7.375 7.375 7.3125 7.3125 7.3125 7.3125 7.3125 7.25 7.25 7.25 7.25 7.1875 7.1875 7.1875 7.1875 7.125 7.125}
espresso_flow_goal {-1.0 3.5 3.5 3.5 3.5 3.5 3.5 3.5 3.5 3.5 3.5 3.5 3.5 3.5 3.5 3.5 3.5 3.5 3.5 3.5 3.5 3.5 3.5 3.5 3.5 3.5 3.5 3.5 3.5 3.5 3.5 3.5 3.5 3.5 3.5 3.5 3.5 3.5 3.5 3.5 3.5 3.5 3.5 3.5 3.5 -1.0 -1.0 -1.0 -1.0 -1.0 -1.0 -1.0 -1.0 -1.0 -1.0 -1.0 -1.0 -1.0 -1.0 -1.0 -1.0 -1.0 -1.0 -1.0 -1.0 -1.0 -1.0 -1.0 -1.0 -1.0 -1.0 -1.0 -1.0 -1.0 -1.0 -1.0 -1.0 -1.0 -1.0 -1.0 -1.0 -1.0 -1.0 -1.0 -1.0 -1.0 -1.0 -1.0 -1.0 -1.0 -1.0 -1.0 -1.0 -1.0 -1.0 -1.0 -1.0 -1.0 -1.0 -1.0 -1.0 -1.0 -1.0 -1.0 -1.0 -1.0 -1.0 -1.0 -1.0 -1.0 -1.0 -1.0 -1.0 -1.0 -1.0 -1.0 -1.0 -1.0 -1.0 -1.0 -1.0 -1.0 -1.0 -1.0 -1.0 -1.0 -1.0 -1.0 -1.0 -1.0 -1.0 -1.0 -1.0 -1.0 -1.0 -1.0 -1.0 -1.0 -1.0 -1.0 -1.0 -1.0 -1.0 -1.0 -1.0 -1.0 -1.0 -1.0 -1.0 -1.0 -1.0 -1.0 -1.0 -1.0 -1.0 -1.0 -1.0 -1.0 -1.0 -1.0 -1.0 -1.0 -1.0}
espresso_temperature_goal {90.0 90.0 90.0 90.0 90.0 90.0 90.0 90.0 90.0 90.0 90.0 90.0 90.0 90.0 90.0 90.0 90.0 90.0 90.0 90.0 90.0 90.0 90.0 90.0 90.0 90.0 90.0 90.0 90.0 90.0 90.0 90.0 90.0 90.0 90.0 90.0 90.0 90.0 90.0 90.0 90.0 90.0 90.0 90.0 90.0 90.0 90.0 90.0 90.0 90.0 90.0 90.0 90.0 90.0 90.0 90.0 90.0 90.0 90.0 90.0 90.0 90.0 90.0 90.0 90.0 90.0 90.0 90.0 90.0 90.0 90.0 90.0 90.0 90.0 90.0 90.0 90.0 90.0 90.0 90.0 90.0 90.0 90.0 90.0 90.0 90.0 90.0 90.0 90.0 90.0 90.0 90.0 90.0 90.0 90.0 90.0 90.0 90.0 90.0 90.0 90.0 90.0 90.0 90.0 90.0 90.0 90.0 90.0 90.0 90.0 90.0 90.0 90.0 90.0 90.0 90.0 90.0 90.0 90.0 90.0 90.0 90.0 90.0 90.0 90.0 90.0 90.0 90.0 90.0 90.0 90.0 90.0 90.0 90.0 90.0 90.0 90.0 90.0 90.0 90.0 90.0 90.0 90.0 90.0 90.0 90.0 90.0 90.0 90.0 90.0 90.0 90.0 90.0 90.0 90.0 90.0 90.0 90.0 90.0 90.0 90.0 90.0 90.0}

