espresso_elapsed {0.0 0.007 0.224 0.404 0.629 0.854 1.034 1.259 1.439 1.664 1.889 2.07 2.294 2.519 2.699 2.924 3.103 3.329 3.554 3.733 3.959 4.184 4.363 4.589 4.769 4.994 5.22 5.399 5.625 5.849 6.029 6.254 6.479 6.659 6.884 7.064 7.289 7.514 7.695 7.919 8.144 8.324 8.549 8.729 8.955 9.179 9.359 9.584 9.809 9.989 10.214 10.394 10.619 10.844 11.024 11.249 11.474 11.654 11.878 12.059 12.284 12.509 12.689 12.914 13.14 13.319 13.544 13.768 13.95 14.175 14.354 14.579 14.803 14.984 15.209 15.388 15.614 15.838 16.018 16.244 16.469 16.649 16.874 17.099 17.278 17.504 17.683 17.909 18.134 18.314 18.539 18.764 18.944 19.169 19.394 19.573 19.8 19.978 20.203 20.429 20.609 20.834 21.059 21.239 21.464 21.644 21.869 22.094 22.274 22.499 22.724 22.904 23.129 23.309 23.534 23.759 23.938 24.163 24.389 24.568 24.794 24.974 25.199 25.424 25.604 25.829 26.054 26.234 26.459 26.639 26.865 27.088 27.268 27.494 27.719 27.899 28.123 28.303 28.528 28.754}
espresso_pressure {0.0 0.43 0.4 0.42 0.47 0.49 0.47 0.46 0.45 0.49 0.52 0.44 0.47 0.47 0.46 0.42 0.41 0.42 0.43 0.46 0.46 0.51 0.51 0.55 0.64 0.65 0.72 0.77 0.84 0.9 0.99 1.06 1.11 1.23 1.31 1.39 1.51 1.69 1.87 1.96 2.12 2.38 2.63 2.94 3.33 3.9 4.68 5.16 5.43 5.85 6.21 6.57 6.82 7.06 7.24 7.42 7.57 7.67 7.79 7.78 7.86 7.85 7.94 7.88 7.91 7.94 7.93 7.92 7.92 7.92 7.98 7.95 7.96 7.91 7.98 8.02 7.91 7.98 7.97 7.94 7.97 8.01 7.93 7.96 7.96 7.96 7.88 7.9 7.89 7.83 7.8 7.81 7.86 7.85 7.79 7.79 7.81 7.75 7.71 7.75 7.78 7.72 7.67 7.7 7.72 7.73 7.65 7.67 7.68 7.62 7.62 7.64 7.62 7.63 7.57 7.56 7.53 7.57 7.54 7.45 7.4 7.45 7.45 7.35 7.3 7.3 7.31 7.26 7.22 7.25 7.1 7.12 7.11 7.1 7.03 7.04 7.04 7.06 6.99 6.99}
espresso_weight {0.0 0.0 0.0 0.0 0.0 0.0 0.0 0.0 0.0 0.0 0.0 0.0 0.0 0.0 0.0 0.0 0.0 0.0 0.0 0.0 0.0 0.0 0.0 0.0 0.0 0.0 0.0 0.0 0.0 0.0 0.0 0.0 0.0 0.0 0.0 0.0 0.0 0.0 0.0 0.0 0.0 0.0 0.0 0.0 0.0 0.0 0.0 0.0 0.0 0.0 0.0 0.0 0.0 0.0 0.0 0.0 0.0 0.0 0.0 0.0 0.0 0.0 0.0 0.0 0.0 0.0 0.0 0.0 0.0 0.0 0.0 0.0 0.0 0.0 0.0 0.0 0.0 0.0 0.0 0.0 0.0 0.0 0.0 0.0 0.0 0.0 0.0 0.0 0.0 0.0 0.0 0.0 0.0 0.0 0.0 0.0 0.0 0.0 0.0 0.0 0.0 0.0 0.0 0.0 0.0 0.0 0.0 0.0 0.0 0.0 0.0 0.0 0.0 0.0 0.0 0.0 0.0 0.0 0.0 0.0 0.0 0.0 0.0 0.0 0.0 0.0 0.0 0.0 0.0 0.0 0.0 0.0 0.0 0.0 0.0 0.0 0.0 0.0 0.0 0.0}
espresso_flow {0.0 3.92 3.77 3.77 3.64 3.6 3.56 3.57 3.57 3.57 3.5 3.57 3.5 3.51 3.47 3.53 3.56 3.57 3.55 3.54 3.56 3.56 3.52 3.48 3.48 3.48 3.49 3.47 3.5 3.48 3.52 3.51 3.51 3.47 3.51 3.45 3.47 3.45 3.48 3.49 3.45 3.47 3.44 3.42 3.43 3.48 3.31 3.0 2.79 2.58 2.34 2.13 2.0 1.87 1.75 1.66 1.57 1.51 1.43 1.39 1.32 1.29 1.24 1.23 1.24 1.22 1.21 1.22 1.22 1.25 1.24 1.27 1.28 1.31 1.32 1.34 1.36 1.36 1.4 1.41 1.43 1.44 1.49 1.52 1.55 1.54 1.54 1.56 1.59 1.63 1.65 1.7 1.69 1.71 1.75 1.76 1.78 1.8 1.82 1.84 1.82 1.84 1.89 1.91 1.94 1.95 2.0 1.99 2.01 1.99 2.01 2.0 2.01 2.0 2.02 2.02 2.07 2.07 2.05 2.09 2.12 2.11 2.09 2.12 2.14 2.16 2.16 2.17 2.21 2.17 2.21 2.2 2.18 2.15 2.17 2.19 2.18 2.16 2.17 2.18}
espresso_flow_weight {0.0 0.0 0.0 0.0 0.0 0.0 0.0 0.0 0.0 0.0 0.0 0.0 0.0 0.0 0.0 0.0 0.0 0.0 0.0 0.0 0.0 0.0 0.0 0.0 0.0 0.0 0.0 0.0 0.0 0.0 0.0 0.0 0.0 0.0 0.0 0.0 0.0 0.0 0.0 0.0 0.0 0.0 0.0 0.0 0.0 0.0 0.0 0.0 0.0 0.0 0.0 0.0 0.0 0.0 0.0 0.0 0.0 0.0 0.0 0.0 0.0 0.0 0.0 0.0 0.0 0.0 0.0 0.0 0.0 0.0 0.0 0.0 0.0 0.0 0.0 0.0 0.0 0.0 0.0 0.0 0.0 0.0 0.0 0.0 0.0 0.0 0.0 0.0 0.0 0.0 0.0 0.0 0.0 0.0 0.0 0.0 0.0 0.0 0.0 0.0 0.0 0.0 0.0 0.0 0.0 0.0 0.0 0.0 0.0 0.0 0.0 0.0 0.0 0.0 0.0 0.0 0.0 0.0 0.0 0.0 0.0 0.0 0.0 0.0 0.0 0.0 0.0 0.0 0.0 0.0 0.0 0.0 0.0 0.0 0.0 0.0 0.0 0.0 0.0 0.0}
espresso_flow_weight_raw {0.0 0.0 0.0 0.0 0.0 0.0 0.0 0.0 0.0 0.0 0.0 0.0 0.0 0.0 0.0 0.0 0.0 0.0 0.0 0.0 0.0 0.0 0.0 0.0 0.0 0.0 0.0 0.0 0.0 0.0 0.0 0.0 0.0 0.0 0.0 0.0 0.0 0.0 0.0 0.0 0.0 0.0 0.0 0.0 0.0 0.0 0.0 0.0 0.0 0.0 0.0 0.0 0.0 0.0 0.0 0.0 0.0 0.0 0.0 0.0 0.0 0.0 0.0 0.0 0.0 0.0 0.0 0.0 0.0 0.0 0.0 0.0 0.0 0.0 0.0 0.0 0.0 0.0 0.0 0.0 0.0 0.0 0.0 0.0 0.0 0.0 0.0 0.0 0.0 0.0 0.0 0.0 0.0 0.0 0.0 0.0 0.0 0.0 0.0 0.0 0.0 0.0 0.0 0.0 0.0 0.0 0.0 0.0 0.0 0.0 0.0 0.0 0.0 0.0 0.0 0.0 0.0 0.0 0.0 0.0 0.0 0.0 0.0 0.0 0.0 0.0 0.0 0.0 0.0 0.0 0.0 0.0 0.0 0.0 0.0 0.0 0.0 0.0 0.0 0.0}
espresso_temperature_basket {90.0 76.83 77.09 77.08 77.01 77.09 77.09 77.14 77.43 77.78 78.23 78.58 79.02 79.72 80.54 81.4 82.3 83.07 83.78 84.32 84.86 85.33 85.82 86.36 86.67 86.97 87.29 87.6 87.86 88.11 88.28 88.41 88.61 88.77 88.81 88.93 89.01 89.11 89.14 89.11 89.15 89.24 89.26 89.27 89.38 89.48 89.51 89.5 89.62 89.67 89.7 89.78 89.84 89.87 89.9 89.97 89.97 89.99 90.09 90.03 90.01 90.06 90.04 90.03 90.02 90.06 90.12 90.05 90.04 90.02 90.11 90.07 90.04 90.07 90.0 89.96 90.0 90.01 90.0 89.98 89.99 89.97 89.9 89.86 89.91 89.87 89.87 89.9 89.9 89.85 89.87 89.79 89.82 89.86 89.81 89.93 89.88 89.9 90.0 89.98 89.98 89.98 90.02 90.07 90.02 90.05 90.05 90.06 90.07 90.11 90.16 90.15 90.16 90.19 90.23 90.21 90.22 90.28 90.32 90.23 90.31 90.43 90.42 90.37 90.34 90.35 90.37 90.41 90.39 90.44 90.36 90.36 90.37 90.43 90.45 90.39 90.46 90.39 90.39 90.38}
espresso_temperature_mix {90.0 90.15 89.33 87.98 88.09 88.54 89.13 89.76 90.32 90.81 91.18 91.61 91.91 92.11 92.41 92.61 92.54 92.68 92.68 92.68 92.61 92.31 92.18 91.84 91.78 91.51 91.41 91.24 91.18 91.11 90.88 90.91 90.84 90.71 90.61 90.55 90.41 90.45 90.41 90.41 90.41 90.45 90.35 90.45 90.45 90.35 90.29 90.25 90.25 90.29 90.12 90.02 90.05 89.95 89.89 89.92 89.76 89.76 89.59 89.49 89.46 89.43 89.36 89.26 89.1 89.2 89.13 89.1 89.03 89.1 89.03 89.13 89.2 89.1 89.2 89.33 89.3 89.39 89.46 89.53 89.49 89.62 89.72 89.79 89.86 89.82 89.89 89.92 90.09 90.18 90.29 90.25 90.35 90.45 90.45 90.55 90.55 90.58 90.68 90.58 90.71 90.61 90.71 90.71 90.71 90.78 90.78 90.81 90.95 90.88 90.84 90.98 90.95 91.04 90.91 90.91 90.81 90.88 90.95 90.84 90.78 90.78 90.84 90.75 90.71 90.81 90.71 90.78 90.75 90.71 90.61 90.58 90.55 90.48 90.45 90.48 90.65 90.48 90.55 90.52}
espresso_water_dispensed {0.0 0.08169047037760419 0.16026814778645837 0.2389017740885417 0.31472778320312506 0.38977050781250006 0.46392313639322924 0.538299560546875 0.6127522786458334 0.6871490478515625 0.7600809733072917 0.8345438639322919 0.907445271809896 0.980560302734375 1.052953084309896 1.1264292399088542 1.200658162434896 1.274968465169271 1.348846435546875 1.4226226806640625 1.496739705403646 1.5709381103515625 1.6442921956380208 1.7168426513671875 1.7894185384114583 1.8619283040364583 1.9345855712890625 2.006871541341146 2.079859415690104 2.1523335774739585 2.225733439127604 2.2989196777343746 2.372085571289062 2.444330851236979 2.517542521158854 2.5894571940104165 2.661829630533854 2.7337748209635415 2.806238810221354 2.878972371419271 2.9508514404296875 3.0232442220052085 3.0949605305989585 3.1661173502604165 3.2374725341796875 3.3098856608072915 3.3787638346354165 3.441314697265625 3.4994049072265625 3.5530802408854165 3.6018778483072915 3.646265665690104 3.688013712565104 3.7269694010416665 3.763331095377604 3.797821044921875 3.8304901123046875 3.861958821614584 3.8917999267578125 3.9206949869791665 3.9481353759765625 3.975067138671875 4.000844319661459 4.0265452067057295 4.052388509114583 4.0778350830078125 4.1029408772786455 4.1283111572265625 4.153757731119792 4.179890950520833 4.205657958984375 4.2320709228515625 4.2588348388671875 4.2860870361328125 4.3134918212890625 4.341328938802083 4.36968994140625 4.39794921875 4.4271494547526045 4.4566090901692705 4.486480712890624 4.5165150960286455 4.547495524088542 4.5791778564453125 4.6115671793619795 4.6436309814453125 4.6757456461588545 4.708211263020833 4.741261800130208 4.775156656901042 4.809539794921875 4.8449554443359375 4.880238850911458 4.9159088134765625 4.9523162841796875 4.9888916015625 5.026051839192708 5.063496907552083 5.1013946533203125 5.139638264973958 5.1775970458984375 5.2159678141276045 5.2553049723307295 5.2950998942057295 5.33544921875 5.3760935465494795 5.417704264322917 5.4592539469401045 5.501047770182292 5.542561848958333 5.5845082600911455 5.626149495442708 5.6680857340494795 5.7096710205078125 5.7517242431640625 5.7938690185546875 5.837076822916667 5.880157470703125 5.9229583740234375 5.9665985107421875 6.0108693440755205 6.054880777994791 6.098398844401041 6.142527262369791 6.1871185302734375 6.2320709228515625 6.2769826253255205 6.3222096761067705 6.368245442708333 6.413462320963541 6.4594879150390625 6.505411783854166 6.550837198893229 6.5957183837890625 6.641016642252604 6.686726888020832 6.732192993164062 6.777242024739582 6.822545369466145 6.86804707845052}
espresso_pressure_delta {0.0 0.010009765625 0.00014604840959821428 4.290590191831683e-5 8.150958863275039e-5 2.115504244730679e-5 1.8652910420696324e-5 8.532317315329627e-6 3.2235384815844335e-6 2.2448026216947117e-5 1.8611037586024352e-5 4.245923913043478e-5 1.362249346120314e-5 3.1983487991266374e-6 6.784196693219711e-6 1.2941790996922025e-5 2.7537614808250082e-6 4.546926629618504e-6 2.610394977490152e-6 7.586475354942406e-6 1.7266828744632483e-6 1.2253712057839388e-5 1.5667975017190006e-6 8.086592939638266e-6 1.8071218415810442e-5 2.1510187224669606e-6 1.3797219228927203e-5 1.0083970989998148e-5 1.2065972222222222e-5 9.433370020516327e-6 1.5104404233703766e-5 1.0696279381196035e-5 7.800140357308226e-6 1.7928332426039947e-5 1.2235403199447995e-5 1.1889067808607022e-5 1.6077308272739745e-5 2.3523797245142402e-5 2.427129020467836e-5 1.1129532216820306e-5 1.8916101961566797e-5 3.1118837472969725e-5 3.0214151508948415e-5 3.459754303184786e-5 4.4329721524288106e-5 6.130778305098595e-5 8.33192815738861e-5 5.089659523685309e-5 2.6731270389438272e-5 4.238060303834217e-5 3.53996735485608e-5 3.450476987925726e-5 2.4117479576702138e-5 2.1748417903909997e-5 1.6100347820664006e-5 1.6168971964174593e-5 1.306452359682761e-5 8.966207954350438e-6 9.804266553712746e-6 6.681018844846173e-7 6.5188965320742425e-6 7.22136311855464e-7 6.522473943967216e-6 4.083504336379123e-6 2.118115011415525e-6 1.8880159452661611e-6 2.8841184288245717e-7 1.2944701935647878e-6 6.650425627240143e-7 3.2724316578483246e-7 4.0990588424829314e-6 1.6411126449001988e-6 4.782867070864014e-7 3.1935105779498133e-6 4.3180898234597934e-6 2.887548333116714e-6 7.364559649993595e-6 4.778608015532264e-6 1.0059483861905356e-6 1.6532546632602808e-6 1.5861950862226e-6 2.5222047870742986e-6 5.020552143830746e-6 2.070319353470963e-6 2.9673302031485123e-7 3.905357346892139e-7 4.500924263416841e-6 7.088789156290133e-7 1.6155770927539429e-7 3.2927123716828656e-6 1.5407763700846863e-6 2.732334856640375e-7 2.6290481154983106e-6 5.603937346757786e-7 3.1722923326802105e-6 2.494667398967966e-8 1.344006470959596e-6 3.2873074444388827e-6 1.9334999752512e-6 1.9121102354496058e-6 1.516327817943617e-6 2.7303813777959105e-6 2.5273116600978203e-6 1.2874311408258392e-6 1.2966842736675363e-6 2.819957320735539e-7 3.795683959028762e-6 1.0497582771340636e-6 4.384315794199515e-7 2.452365938486155e-6 1.074373459778208e-8 6.715359489608802e-7 8.233373146266592e-7 2.409041303788236e-7 2.2926437547803176e-6 6.370941011827097e-7 1.2646602681928315e-6 1.7883909541447667e-6 1.4014386608717044e-6 3.319072319684142e-6 2.245061809308704e-6 1.8965036137583086e-6 3.3909765764514464e-7 4.2156125855490876e-6 1.6877398306905172e-6 1.0397409404158116e-7 4.029341703769095e-7 1.9543162022566135e-6 1.5317035318795117e-6 1.2189159925297495e-6 5.5253117439047085e-6 4.5064350450383936e-7 1.790674966994279e-7 4.1734958081763294e-7 2.422117387892781e-6 2.1877184218072332e-7 1.3021759325107564e-7 8.712222423418012e-7 2.3363148704781267e-6 2.547199954788899e-7}
espresso_flow_delta_negative 0.0
espresso_flow_delta_negative_2x 0.0
espresso_resistance {0.0 0.03 0.03 0.03 0.04 0.04 0.04 0.04 0.04 0.04 0.04 0.03 0.04 0.04 0.04 0.03 0.03 0.03 0.03 0.04 0.04 0.04 0.04 0.05 0.05 0.05 0.06 0.06 0.07 0.07 0.08 0.09 0.09 0.1 0.11 0.12 0.13 0.14 0.15 0.16 0.18 0.2 0.22 0.25 0.28 0.32 0.43 0.57 0.7 0.88 1.13 1.45 1.7 2.02 2.38 2.71 3.08 3.36 3.8 4.05 4.53 4.7 5.18 5.18 5.14 5.32 5.46 5.34 5.31 5.03 5.22 4.95 4.82 4.62 4.61 4.49 4.27 4.34 4.06 3.97 3.88 3.85 3.58 3.44 3.29 3.36 3.32 3.25 3.14 2.96 2.86 2.7 2.74 2.68 2.55 2.53 2.46 2.4 2.33 2.3 2.34 2.28 2.15 2.11 2.06 2.03 1.92 1.93 1.91 1.92 1.88 1.91 1.88 1.91 1.86 1.85 1.75 1.77 1.79 1.7 1.64 1.67 1.71 1.64 1.59 1.57 1.57 1.54 1.48 1.54 1.46 1.46 1.5 1.53 1.49 1.46 1.48 1.51 1.48 1.46}
espresso_resistance_weight {0.0 0.0 0.0 0.0 0.0 0.0 0.0 0.0 0.0 0.0 0.0 0.0 0.0 0.0 0.0 0.0 0.0 0.0 0.0 0.0 0.0 0.0 0.0 0.0 0.0 0.0 0.0 0.0 0.0 0.0 0.0 0.0 0.0 0.0 0.0 0.0 0.0 0.0 0.0 0.0 0.0 0.0 0.0 0.0 0.0 0.0 0.0 0.0 0.0 0.0 0.0 0.0 0.0 0.0 0.0 0.0 0.0 0.0 0.0 0.0 0.0 0.0 0.0 0.0 0.0 0.0 0.0 0.0 0.0 0.0 0.0 0.0 0.0 0.0 0.0 0.0 0.0 0.0 0.0 0.0 0.0 0.0 0.0 0.0 0.0 0.0 0.0 0.0 0.0 0.0 0.0 0.0 0.0 0.0 0.0 0.0 0.0 0.0 0.0 0.0 0.0 0.0 0.0 0.0 0.0 0.0 0.0 0.0 0.0 0.0 0.0 0.0 0.0 0.0 0.0 0.0 0.0 0.0 0.0 0.0 0.0 0.0 0.0 0.0 0.0 0.0 0.0 0.0 0.0 0.0 0.0 0.0 0.0 0.0 0.0 0.0 0.0 0.0 0.0 0.0}
espresso_state_change {0.0 10000000.0 10000000.0 10000000.0 10000000.0 10000000.0 10000000.0 10000000.0 10000000.0 10000000.0 10000000.0 10000000.0 10000000.0 10000000.0 10000000.0 10000000.0 10000000.0 10000000.0 10000000.0 10000000.0 10000000.0 10000000.0 10000000.0 10000000.0 10000000.0 10000000.0 10000000.0 10000000.0 10000000.0 10000000.0 10000000.0 10000000.0 10000000.0 10000000.0 10000000.0 10000000.0 10000000.0 10000000.0 10000000.0 10000000.0 10000000.0 10000000.0 10000000.0 10000000.0 10000000.0 -10000000.0 -10000000.0 -10000000.0 -10000000.0 -10000000.0 -10000000.0 -10000000.0 -10000000.0 -10000000.0 -10000000.0 -10000000.0 -10000000.0 -10000000.0 -10000000.0 10000000.0 10000000.0 10000000.0 10000000.0 10000000.0 10000000.0 10000000.0 10000000.0 10000000.0 10000000.0 -10000000.0 -10000000.0 -10000000.0 -10000000.0 -10000000.0 -10000000.0 -10000000.0 -10000000.0 -10000000.0 -10000000.0 -10000000.0 -10000000.0 -10000000.0 -10000000.0 10000000.0 10000000.0 10000000.0 10000000.0 10000000.0 10000000.0 10000000.0 10000000.0 10000000.0 10000000.0 10000000.0 10000000.0 10000000.0 10000000.0 10000000.0 10000000.0 10000000.0 10000000.0 10000000.0 10000000.0 10000000.0 10000000.0 10000000.0 10000000.0 10000000.0 10000000.0 10000000.0 10000000.0 10000000.0 10000000.0 10000000.0 10000000.0 10000000.0 10000000.0 10000000.0 10000000.0 10000000.0 10000000.0 10000000.0 10000000.0 10000000.0 10000000.0 10000000.0 10000000.0 10000000.0 10000000.0 10000000.0 10000000.0 10000000.0 10000000.0 10000000.0 10000000.0 10000000.0 10000000.0 10000000.0 10000000.0 10000000.0}
espresso_pressure_goal {-1.0 -1.0 -1.0 -1.0 -1.0 -1.0 -1.0 -1.0 -1.0 -1.0 -1.0 -1.0 -1.0 -1.0 -1.0 -1.0 -1.0 -1.0 -1.0 -1.0 -1.0 -1.0 -1.0 -1.0 -1.0 -1.0 -1.0 -1.0 -1.0 -1.0 -1.0 -1.0 -1.0 -1.0 -1.0 -1.0 -1.0 -1.0 -1.0 -1.0 -1.0 -1.0 -1.0 -1.0 -1.0 5.4375 6.375 6.9375 7.3125 7.5625 7.6875 7.8125 7.875 7.9375 8.0 8.0 8.0 8.0 8.0 7.9375 7.9375 8.0 8.0 8.0 8.0 8.0 8.0 8.0 8.0 8.0 8.0 8.0 8.0 8.0 8.0 8.0 8.0 8.0 8.0 8.0 8.0 8.0 8.0 7.875 7.875 7.875 7.875 7.875 7.875 7.875 7.8125 7.8125 7.8125 7.8125 7.8125 7.8125 7.75 7.75 7.75 7.75 7.75 7.6875 7.6875 7.6875 7.6875 7.6875 7.6875 7.625 7.625 7.625 7.625 7.625 7.5625 7.5625 7.5625 7.5625 7.5625 7.5625 7.5 7.5 7.5 7.5 7.5 7.5 7.4375 7.4375 7.4375 7.4375 7.4375 7.375 7.375 7.375 7.375 7.375 7.375 7.3125 7.3125 7.3125 7.3125 7.3125}
espresso_flow_goal {-1.0 3.5 3.5 3.5 3.5 3.5 3.5 3.5 3.5 3.5 3.5 3.5 3.5 3.5 3.5 3.5 3.5 3.5 3.5 3.5 3.5 3.5 3.5 3.5 3.5 3.5 3.5 3.5 3.5 3.5 3.5 3.5 3.5 3.5 3.5 3.5 3.5 3.5 3.5 3.5 3.5 3.5 3.5 3.5 3.5 -1.0 -1.0 -1.0 -1.0 -1.0 -1.0 -1.0 -1.0 -1.0 -1.0 -1.0 -1.0 -1.0 -1.0 -1.0 -1.0 -1.0 -1.0 -1.0 -1.0 -1.0 -1.0 -1.0 -1.0 -1.0 -1.0 -1.0 -1.0 -1.0 -1.0 -1.0 -1.0 -1.0 -1.0 -1.0 -1.0 -1.0 -1.0 -1.0 -1.0 -1.0 -1.0 -1.0 -1.0 -1.0 -1.0 -1.0 -1.0 -1.0 -1.0 -1.0 -1.0 -1.0 -1.0 -1.0 -1.0 -1.0 -1.0 -1.0 -1.0 -1.0 -1.0 -1.0 -1.0 -1.0 -1.0 -1.0 -1.0 -1.0 -1.0 -1.0 -1.0 -1.0 -1.0 -1.0 -1.0 -1.0 -1.0 -1.0 -1.0 -1.0 -1.0 -1.0 -1.0 -1.0 -1.0 -1.0 -1.0 -1.0 -1.0 -1.0 -1.0 -1.0 -1.0 -1.0}
espresso_temperature_goal {90.0 90.0 90.0 90.0 90.0 90.0 90.0 90.0 90.0 90.0 90.0 90.0 90.0 90.0 90.0 90.0 90.0 90.0 90.0 90.0 90.0 90.0 90.0 90.0 90.0 90.0 90.0 90.0 90.0 90.0 90.0 90.0 90.0 90.0 90.0 90.0 90.0 90.0 90.0 90.0 90.0 90.0 90.0 90.0 90.0 90.0 90.0 90.0 90.0 90.0 90.0 90.0 90.0 90.0 90.0 90.0 90.0 90.0 90.0 90.0 90.0 90.0 90.0 90.0 90.0 90.0 90.0 90.0 90.0 90.0 90.0 90.0 90.0 90.0 90.0 90.0 90.0 90.0 90.0 90.0 90.0 90.0 90.0 90.0 90.0 90.0 90.0 90.0 90.0 90.0 90.0 90.0 90.0 90.0 90.0 90.0 90.0 90.0 90.0 90.0 90.0 90.0 90.0 90.0 90.0 90.0 90.0 90.0 90.0 90.0 90.0 90.0 90.0 90.0 90.0 }
